# x1, x2, y
5.751738543694971284e+00 6.106060027085627340e+00 0.000000000000000000e+00
8.139965305971825771e+00 8.661448052234630879e+00 1.000000000000000000e+00
8.437249826481373560e+00 7.985336764529240128e+00 1.000000000000000000e+00
5.541924949959424751e+00 4.850162640602636799e+00 0.000000000000000000e+00
3.230908957950836768e+00 6.858387497030697944e+00 2.000000000000000000e+00
2.888359809223587149e+00 8.667426564201406336e+00 2.000000000000000000e+00
2.953622925069049998e+00 9.177917045382855576e+00 2.000000000000000000e+00
3.312138380905995660e+00 7.649673431187609118e+00 2.000000000000000000e+00
7.129770581122730988e+00 8.482600028707304674e+00 1.000000000000000000e+00
5.023840137304514286e+00 7.638595246723928867e+00 2.000000000000000000e+00
5.662243544918897697e+00 4.425142633291200056e+00 0.000000000000000000e+00
4.064866564638340840e+00 1.074613074543644764e+01 2.000000000000000000e+00
5.534614987871794511e+00 4.102675855114763515e+00 0.000000000000000000e+00
5.580460628856664940e+00 6.246492209283774244e+00 0.000000000000000000e+00
7.493326615600487628e+00 8.732379636140024104e+00 1.000000000000000000e+00
7.972955403206027469e+00 8.095614581052066328e+00 1.000000000000000000e+00
2.779171849613917722e+00 7.390332155803895020e+00 2.000000000000000000e+00
8.517466110071891805e+00 6.400800762908849251e+00 1.000000000000000000e+00
6.256273299764152362e+00 5.236220700916941695e+00 0.000000000000000000e+00
6.109639143892293234e+00 6.016535517120727761e+00 0.000000000000000000e+00
6.279245059005390317e+00 3.115176965399469200e+00 0.000000000000000000e+00
7.627529772762131621e+00 8.157705277821571954e+00 1.000000000000000000e+00
7.471935995134291630e+00 8.893022451537181183e+00 1.000000000000000000e+00
7.165163185675631041e+00 7.619788062509629256e+00 1.000000000000000000e+00
2.968695968420063558e+00 8.087826356889880941e+00 2.000000000000000000e+00
4.824119334440383433e+00 5.068742432143633181e+00 0.000000000000000000e+00
7.249901456733240934e+00 4.404790181162283602e+00 0.000000000000000000e+00
4.725009130734883378e+00 9.173299792218172044e+00 2.000000000000000000e+00
6.542087352266065636e+00 5.378253983282353268e+00 0.000000000000000000e+00
6.178469748114093107e+00 5.107107781226712717e+00 0.000000000000000000e+00
3.491930064682242651e+00 7.284503484952885799e+00 2.000000000000000000e+00
7.620305677044448167e+00 8.173720785682988321e+00 1.000000000000000000e+00
7.806835367043706952e+00 7.381645306738168877e+00 1.000000000000000000e+00
5.027360376799044239e+00 5.652926604033382318e+00 0.000000000000000000e+00
5.223398290721148030e+00 8.549186112105315871e+00 2.000000000000000000e+00
6.419978940505956189e+00 5.930318181145550760e+00 0.000000000000000000e+00
6.959702297011041594e+00 8.474524585782491570e+00 1.000000000000000000e+00
4.240202941056150365e+00 7.656323460879740139e+00 2.000000000000000000e+00
2.704283444943475168e+00 9.604112420437273201e+00 2.000000000000000000e+00
7.102640264345907894e+00 4.051808533669716716e+00 0.000000000000000000e+00
5.706392519583860512e+00 6.968662593045601206e+00 1.000000000000000000e+00
5.364743543337944232e+00 6.073417460979223748e+00 0.000000000000000000e+00
4.150842652224129736e+00 8.037465086397952874e+00 2.000000000000000000e+00
6.853608020222344166e+00 9.107155206013253235e+00 1.000000000000000000e+00
2.379034867332912029e+00 8.000843815953460947e+00 2.000000000000000000e+00
7.697898533081679595e+00 8.084100909127622359e+00 1.000000000000000000e+00
7.315897143340476916e+00 3.145873361452111716e+00 0.000000000000000000e+00
4.605862499437650470e+00 7.941686203830498947e+00 2.000000000000000000e+00
5.411428047050046430e+00 6.890017652404051951e+00 2.000000000000000000e+00
6.334503262090678710e+00 6.667708536562440891e+00 0.000000000000000000e+00
7.516223644514825608e+00 7.097472752885779279e+00 1.000000000000000000e+00
8.958588643207693991e+00 8.042749253172990720e+00 1.000000000000000000e+00
7.584224303804183442e+00 4.945412757402671389e+00 0.000000000000000000e+00
6.381144918657701837e+00 5.069606061513703743e+00 0.000000000000000000e+00
5.381544569892360741e+00 4.239314922651152173e+00 0.000000000000000000e+00
6.606956494338781738e+00 4.349847285127264485e+00 0.000000000000000000e+00
6.316005206859868437e+00 4.938106583229225244e+00 0.000000000000000000e+00
6.559623153875015156e+00 4.460175922036237139e+00 0.000000000000000000e+00
5.304503833711229355e+00 8.138252867282927738e+00 2.000000000000000000e+00
8.483755906451062145e+00 8.167718592985622195e+00 1.000000000000000000e+00
7.152022284437655308e+00 7.031254925172134129e+00 1.000000000000000000e+00
4.854697120278605560e+00 5.282192948417089085e+00 0.000000000000000000e+00
8.270312151956293434e+00 7.243269180707988752e+00 1.000000000000000000e+00
5.045464468613958253e+00 8.253371993230938841e+00 2.000000000000000000e+00
5.858705694756014104e+00 3.798317549286327477e+00 0.000000000000000000e+00
3.351887975485032811e+00 8.491730068900285033e+00 2.000000000000000000e+00
3.744575313001344607e+00 7.849066928875904736e+00 2.000000000000000000e+00
3.918632708991081071e+00 6.560560696358891164e+00 2.000000000000000000e+00
3.534246049498933839e+00 8.261450383295244393e+00 2.000000000000000000e+00
9.036893222176027862e+00 7.036276769915458473e+00 1.000000000000000000e+00
6.682925094088137286e+00 5.796417933018394919e+00 0.000000000000000000e+00
2.931443638641113125e+00 8.468762229215604620e+00 2.000000000000000000e+00
3.760677383311320288e+00 8.228393148929457723e+00 2.000000000000000000e+00
2.860111278676506608e+00 7.277245818912403408e+00 2.000000000000000000e+00
8.533100480082795869e+00 8.138387012760773587e+00 1.000000000000000000e+00
4.300188360882060579e+00 7.982442588934982375e+00 2.000000000000000000e+00
8.821287733191590874e+00 8.617029324642697219e+00 1.000000000000000000e+00
7.549398169829956373e+00 7.653845979589858572e+00 1.000000000000000000e+00
4.059900878310934047e+00 6.570451676976174937e+00 2.000000000000000000e+00
8.448757971182658366e+00 6.673048092940116582e+00 1.000000000000000000e+00
3.991579059663187934e+00 7.689407274408634585e+00 2.000000000000000000e+00
5.799904671650677024e+00 4.819317737963002557e+00 0.000000000000000000e+00
5.311169282523168000e+00 6.939606987444011388e+00 2.000000000000000000e+00
8.308845730788124939e+00 7.167237837271767553e+00 1.000000000000000000e+00
4.801243500134477316e+00 3.415380295641095021e+00 0.000000000000000000e+00
6.012017408712458710e+00 4.374775764241496390e+00 0.000000000000000000e+00
4.787011552871702769e+00 6.323665871022232210e+00 0.000000000000000000e+00
9.324885016344023114e+00 1.001427066070516858e+01 1.000000000000000000e+00
5.686998743998900707e+00 9.290849240873829018e+00 2.000000000000000000e+00
9.635243112075286831e+00 7.484915877542191787e+00 1.000000000000000000e+00
8.094636676425524868e+00 7.983405825427767333e+00 1.000000000000000000e+00
5.596135770595539682e+00 4.394796765092063850e+00 0.000000000000000000e+00
3.099637802999841263e+00 7.725943246150096755e+00 2.000000000000000000e+00
6.480422947844834525e+00 7.842060771736720781e+00 1.000000000000000000e+00
3.847176662880313902e+00 7.371102983807865883e+00 2.000000000000000000e+00
5.597584291692601965e+00 6.102056934324949111e+00 0.000000000000000000e+00
8.744769883252804021e+00 8.104767144036873816e+00 1.000000000000000000e+00
6.526181949429683549e+00 5.291846819103579236e+00 0.000000000000000000e+00
8.987092839340535377e+00 8.909470708107612325e+00 1.000000000000000000e+00
6.108143057233466067e+00 5.555482798736677275e+00 0.000000000000000000e+00
8.724021191888018834e+00 9.389412126164002004e+00 1.000000000000000000e+00
5.283459154493073129e+00 7.786807551275127359e+00 2.000000000000000000e+00
4.327816321997923765e+00 6.112547627407538542e+00 0.000000000000000000e+00
6.234718281364979298e+00 8.805375992243824612e+00 1.000000000000000000e+00
8.027723160683175152e+00 6.914009115180951071e+00 1.000000000000000000e+00
4.698939378133603739e+00 8.746602637268797054e+00 2.000000000000000000e+00
5.737816412657165799e+00 7.339476887255574233e+00 2.000000000000000000e+00
7.461910827296917681e+00 4.449419227714932035e+00 0.000000000000000000e+00
8.329574463331507417e+00 7.698421052290926880e+00 1.000000000000000000e+00
4.941656176176195459e+00 9.312045894119258094e+00 2.000000000000000000e+00
7.286009422579589945e+00 6.046525001542826239e+00 1.000000000000000000e+00
4.639392696908416269e+00 9.065226018863143054e+00 2.000000000000000000e+00
5.395878482246862617e+00 4.988601860972988966e+00 0.000000000000000000e+00
8.662568086144379009e+00 7.076644228870741848e+00 1.000000000000000000e+00
4.995176983903729884e+00 5.072834390875950561e+00 0.000000000000000000e+00
3.599431707525178936e+00 7.181310238810521440e+00 2.000000000000000000e+00
3.511629405246066149e+00 7.155062290875353170e+00 2.000000000000000000e+00
4.722967546574365016e+00 7.548668855563693825e+00 2.000000000000000000e+00
3.976051298531800171e+00 7.432850629087539573e+00 2.000000000000000000e+00
2.263431152738343499e+00 7.507606688459396160e+00 2.000000000000000000e+00
6.475991771026656352e+00 2.986622139998776682e+00 0.000000000000000000e+00
6.315491380797696230e+00 3.818944929886311623e+00 0.000000000000000000e+00
7.241250327514048735e+00 7.862981428389947958e+00 1.000000000000000000e+00
6.468518703366033407e+00 3.970092749339171778e+00 0.000000000000000000e+00
8.998958243801846280e+00 8.951914153022718423e+00 1.000000000000000000e+00
6.463566252275429136e+00 2.495718979112369951e+00 0.000000000000000000e+00
5.175787335838188952e+00 4.633473161282030794e+00 0.000000000000000000e+00
5.350707026396004373e+00 8.189859491170555117e+00 2.000000000000000000e+00
5.631737812565299706e+00 9.277417518417321318e+00 2.000000000000000000e+00
7.078047757549125407e+00 6.534134754235165765e+00 0.000000000000000000e+00
5.233689909122255735e+00 5.900793281312270544e+00 0.000000000000000000e+00
8.338808629937220829e+00 7.836796857863612686e+00 1.000000000000000000e+00
5.904185890600014197e+00 2.488103233975538675e+00 0.000000000000000000e+00
8.156088538119401932e+00 7.926537157234463393e+00 1.000000000000000000e+00
8.362885679501831149e+00 7.695199521984490865e+00 1.000000000000000000e+00
3.498834762935960185e+00 6.945181990876362121e+00 2.000000000000000000e+00
3.229869948496004284e+00 6.998434054074138544e+00 2.000000000000000000e+00
9.379942787799123494e+00 8.982977065434599950e+00 1.000000000000000000e+00
7.881550965366717065e+00 7.380743133989003724e+00 1.000000000000000000e+00
5.120494308643752213e+00 6.799858493204165910e+00 2.000000000000000000e+00
4.273350879098309463e+00 7.899861868330376957e+00 2.000000000000000000e+00
7.087610695696766605e+00 6.004131622506037047e+00 0.000000000000000000e+00
5.047145867425200549e+00 8.586458048433957657e+00 2.000000000000000000e+00
3.696248835639802444e+00 7.703174785684153925e+00 2.000000000000000000e+00
3.660013443921233733e+00 9.161343126654347913e+00 2.000000000000000000e+00
6.070039015121435177e+00 5.556542235798671570e+00 0.000000000000000000e+00
6.583779279681600372e+00 5.096608964441230682e+00 0.000000000000000000e+00
7.872071323197116222e+00 8.778174377853186883e+00 1.000000000000000000e+00
3.117624360860502541e+00 8.607594874396074403e+00 2.000000000000000000e+00
7.703799530898597148e+00 8.457049324324753314e+00 1.000000000000000000e+00
6.874816400455729060e+00 8.183883013977402143e+00 1.000000000000000000e+00
7.412421386752162000e+00 8.971179332004437512e+00 1.000000000000000000e+00
7.830373389703216169e+00 7.443587306753769006e+00 1.000000000000000000e+00
7.555997004634659397e+00 7.686132483445376806e+00 1.000000000000000000e+00
6.406454355499717757e+00 5.993756893672892438e+00 0.000000000000000000e+00
6.439666331883747041e+00 4.931985458281049617e+00 0.000000000000000000e+00
3.312502946465698983e+00 8.824001990853368227e+00 2.000000000000000000e+00
7.073212417413407671e+00 9.445159924648697469e+00 1.000000000000000000e+00
7.159380211472193167e+00 7.192615719435489829e+00 1.000000000000000000e+00
6.252598569410374729e+00 4.934198566627450155e+00 0.000000000000000000e+00
7.247682837821686874e+00 5.493316626219373333e+00 0.000000000000000000e+00
8.878433182774601917e+00 7.875667716580349698e+00 1.000000000000000000e+00
3.172429615040041284e+00 7.728512183534983038e+00 2.000000000000000000e+00
7.992178687393110437e+00 8.566619082595194001e+00 1.000000000000000000e+00
7.961013316840698018e+00 7.814076559877447536e+00 1.000000000000000000e+00
7.734287438384688684e+00 8.086022623523572150e+00 1.000000000000000000e+00
8.234687340834783598e+00 7.790035982747125054e+00 1.000000000000000000e+00
4.619627618823184179e+00 7.010268239254896727e+00 2.000000000000000000e+00
8.865769603552699607e+00 9.045974469961516107e+00 1.000000000000000000e+00
5.299927056035328654e+00 6.004256997131751206e+00 0.000000000000000000e+00
3.592265007509002128e+00 8.339018744155604068e+00 2.000000000000000000e+00
4.955846905515951306e+00 6.215096136813553329e+00 0.000000000000000000e+00
6.910086357397417167e+00 3.671093605531837945e+00 0.000000000000000000e+00
3.288535268820387714e+00 8.097003962962862289e+00 2.000000000000000000e+00
4.572266759283818871e+00 8.351301898575041349e+00 2.000000000000000000e+00
3.550498922984912653e+00 8.256776866615012977e+00 2.000000000000000000e+00
4.390878397920255694e+00 5.325662584255611343e+00 0.000000000000000000e+00
7.294490662267477887e+00 7.133408128005141791e+00 1.000000000000000000e+00
7.571622143229030044e+00 8.015262507903202049e+00 1.000000000000000000e+00
5.785852257823036027e+00 6.039759097479402428e+00 0.000000000000000000e+00
5.901007658852753579e+00 5.007694050892422588e+00 0.000000000000000000e+00
4.381841917113507456e+00 7.807944346597767371e+00 2.000000000000000000e+00
6.680206034299690288e+00 8.491694757217805645e+00 1.000000000000000000e+00
4.101851708457671108e+00 7.943240260079313053e+00 2.000000000000000000e+00
7.594056273541787583e+00 8.022099995057809352e+00 1.000000000000000000e+00
7.011070945819741773e+00 5.274740336219609915e+00 0.000000000000000000e+00
5.589494200366183385e+00 4.118098773504379473e+00 0.000000000000000000e+00
4.576548747809734863e+00 6.763641890064165274e+00 2.000000000000000000e+00
6.729856505523200028e+00 5.939997885236532937e+00 0.000000000000000000e+00
4.290862308792354973e+00 7.307037855439245888e+00 2.000000000000000000e+00
6.128026235273686062e+00 5.462154931989692486e+00 0.000000000000000000e+00
8.244866441954377123e+00 9.273391956040478945e+00 1.000000000000000000e+00
4.243105241479290690e+00 3.737903769092176809e+00 0.000000000000000000e+00
7.664513771153775856e+00 7.003958627662045799e+00 1.000000000000000000e+00
8.334719571561921114e+00 7.806080412904612409e+00 1.000000000000000000e+00
6.767433655552757443e+00 5.031824087349281882e+00 0.000000000000000000e+00
4.867534850746303654e+00 7.911922433345070615e+00 2.000000000000000000e+00
7.859204988196950126e+00 3.675958766750637707e+00 0.000000000000000000e+00
4.918085339685417168e+00 7.588212062345343512e+00 2.000000000000000000e+00
5.832087205283386311e+00 4.908428714723769737e+00 0.000000000000000000e+00
9.591457772934028014e+00 8.652645409642232721e+00 1.000000000000000000e+00
3.326744529618808954e+00 5.477314039847160920e+00 2.000000000000000000e+00
3.702348255192032145e+00 8.067437912728232519e+00 2.000000000000000000e+00
3.786455763480204517e+00 8.567325737498441285e+00 2.000000000000000000e+00
7.696390603237436068e+00 7.556830072403167620e+00 1.000000000000000000e+00
9.097344365884215023e+00 8.067863669567843843e+00 1.000000000000000000e+00
8.265402885661050192e+00 7.835676605597096334e+00 1.000000000000000000e+00
5.895613333074843254e+00 4.842086928204422769e+00 0.000000000000000000e+00
9.899513476982003013e+00 8.039819274129555993e+00 1.000000000000000000e+00
7.541822306982968627e+00 8.547484989751495732e+00 1.000000000000000000e+00
4.232803633896312867e+00 8.859919798836083160e+00 2.000000000000000000e+00
3.541311416594297601e+00 7.906201858296352469e+00 2.000000000000000000e+00
6.713526179327413246e+00 4.438822343288187255e+00 0.000000000000000000e+00
3.090156470980709891e+00 7.357541867077218356e+00 2.000000000000000000e+00
6.781997541305281096e+00 5.675370475878507293e+00 0.000000000000000000e+00
1.003162406798348449e+01 8.208609421810750817e+00 1.000000000000000000e+00
6.996062303143951056e+00 7.609059411230606251e+00 1.000000000000000000e+00
3.541918546151493263e+00 6.680199756788262277e+00 2.000000000000000000e+00
7.066629326392123822e+00 8.644841503568230223e+00 1.000000000000000000e+00
6.727959924239113931e+00 6.610779214885644350e+00 0.000000000000000000e+00
8.348725883587317043e+00 8.730890326027374471e+00 1.000000000000000000e+00
4.997907507324308440e+00 4.939330977547831125e+00 0.000000000000000000e+00
5.252845294216397676e+00 4.207480160140246284e+00 0.000000000000000000e+00
4.038027697732080590e+00 8.186623781644833286e+00 2.000000000000000000e+00
5.977844739711799527e+00 4.302354542747756305e+00 0.000000000000000000e+00
7.582543632877804640e+00 8.114217148633791510e+00 1.000000000000000000e+00
3.743081615957364328e+00 8.026451124583568131e+00 2.000000000000000000e+00
6.415047689979315848e+00 3.941615595702816499e+00 0.000000000000000000e+00
6.014874810575054020e+00 5.159468948248364661e+00 0.000000000000000000e+00
2.758673888646545613e+00 9.138541749060614450e+00 2.000000000000000000e+00
4.806053588318500935e+00 7.967691833693107739e+00 2.000000000000000000e+00
5.009442740508371017e+00 6.030251338855652676e+00 0.000000000000000000e+00
6.037992372044033829e+00 5.524533692344239633e+00 0.000000000000000000e+00
6.320629379407239234e+00 7.499408500362817698e+00 1.000000000000000000e+00
7.223573101793443030e+00 7.469680620231637036e+00 1.000000000000000000e+00
8.836410401399204417e+00 7.524270791369226608e+00 1.000000000000000000e+00
5.327557535624245943e+00 6.523209140924971727e+00 0.000000000000000000e+00
7.886534631038847998e+00 9.688580344301039204e+00 1.000000000000000000e+00
8.642083224812227016e+00 8.595834803294756910e+00 1.000000000000000000e+00
5.701845147060634389e+00 5.347885230619781716e+00 0.000000000000000000e+00
6.452866332091793389e+00 6.163903294279035272e+00 0.000000000000000000e+00
3.726685398961032014e+00 7.542379290229524358e+00 2.000000000000000000e+00
3.356366731717246310e+00 7.482734227694891160e+00 2.000000000000000000e+00
4.578759343144981564e+00 4.254234819029234949e+00 0.000000000000000000e+00
6.755085072487053921e+00 5.837991873173201895e+00 0.000000000000000000e+00
3.675143279043609379e+00 7.449273965465126324e+00 2.000000000000000000e+00
7.293502607292407625e+00 7.520611510351367102e+00 1.000000000000000000e+00
5.832078905839680694e+00 4.948857967202737740e+00 0.000000000000000000e+00
7.885425840098634787e+00 8.891835547139683271e+00 1.000000000000000000e+00
4.742632171940053709e+00 8.066711069788727428e+00 2.000000000000000000e+00
8.234314463877561607e+00 6.501237669157453603e+00 1.000000000000000000e+00
8.483568476927308311e+00 9.639480259551000074e+00 1.000000000000000000e+00
8.349241997299209572e+00 8.162659327868082570e+00 1.000000000000000000e+00
2.240753607224960753e+00 8.744125597913360082e+00 2.000000000000000000e+00
2.371278051994408109e+00 7.471273219151941092e+00 2.000000000000000000e+00
4.600299849193997481e+00 7.933923808830659397e+00 2.000000000000000000e+00
8.273076027311256908e+00 7.383567313116438768e+00 1.000000000000000000e+00
8.177732175089193589e+00 9.321763595183124806e+00 1.000000000000000000e+00
5.193517888716206343e+00 8.024009220937340814e+00 2.000000000000000000e+00
7.854274990644096732e+00 8.158896488906195898e+00 1.000000000000000000e+00
9.271502051001803579e+00 8.574135737823580072e+00 1.000000000000000000e+00
8.409849386168440688e+00 6.402606057267357542e+00 1.000000000000000000e+00
6.556685217707663327e+00 4.601145262369426447e+00 0.000000000000000000e+00
4.062953639872548983e+00 7.045305047709657487e+00 2.000000000000000000e+00
5.064735910168587374e+00 5.659720908547170026e+00 0.000000000000000000e+00
5.255804407929755229e+00 7.705734238907290923e+00 2.000000000000000000e+00
8.158279943699163539e+00 8.729543100749877382e+00 1.000000000000000000e+00
7.967017865879845395e+00 3.743153298060676093e+00 0.000000000000000000e+00
5.369641345570871138e+00 4.816944995931897289e+00 0.000000000000000000e+00
3.254654750272290897e+00 7.145838125684516484e+00 2.000000000000000000e+00
4.267932115013647554e+00 9.361944037526352957e+00 2.000000000000000000e+00
3.296216158710220334e+00 9.722586775410361426e+00 2.000000000000000000e+00
6.347666505417981497e+00 7.002079874938583082e+00 1.000000000000000000e+00
8.225796042137142550e+00 7.778603849964427219e+00 1.000000000000000000e+00
5.551607792732029978e+00 4.720113519527433965e+00 0.000000000000000000e+00
5.617956488486165689e+00 4.341622116442700019e+00 0.000000000000000000e+00
4.405801267631497709e+00 7.906746060754603178e+00 2.000000000000000000e+00
5.040979870183329048e+00 7.750086307846850708e+00 2.000000000000000000e+00
6.561025958920229328e+00 4.608538985340294936e+00 0.000000000000000000e+00
5.449741673276013998e+00 7.586008142030419954e+00 2.000000000000000000e+00
7.783374994842694683e+00 7.880225860468365262e+00 1.000000000000000000e+00
8.420190403335022111e+00 6.729935299516518477e+00 1.000000000000000000e+00
5.018098665035595651e+00 7.201146868168636139e+00 2.000000000000000000e+00
6.556186980528301511e+00 4.834241306911629010e+00 0.000000000000000000e+00
4.419666923790433799e+00 5.643310637737233293e+00 0.000000000000000000e+00
3.370149166425350451e+00 8.197538184911005388e+00 2.000000000000000000e+00
3.885927766536283468e+00 8.212744115494601260e+00 2.000000000000000000e+00
6.594918258838823988e+00 6.612942388078010048e+00 0.000000000000000000e+00
8.382685080732168004e+00 8.533321520340143351e+00 1.000000000000000000e+00
9.179777738116619901e+00 8.192269793316683035e+00 1.000000000000000000e+00
4.397204030686623355e+00 8.060781832338177466e+00 2.000000000000000000e+00
5.891581885390343665e+00 3.890191338098215823e+00 0.000000000000000000e+00
8.908638075876080364e+00 7.821710004890828571e+00 1.000000000000000000e+00
9.533050634263522838e+00 7.615353772708578717e+00 1.000000000000000000e+00
6.882929122352201112e+00 7.794468414475558049e+00 1.000000000000000000e+00
8.416976887238192262e+00 6.814009428694472348e+00 1.000000000000000000e+00
8.846348350198928401e+00 7.465806830158427942e+00 1.000000000000000000e+00
5.745422803528639655e+00 4.760305804113151851e+00 0.000000000000000000e+00
5.005389976705066246e+00 8.591275068994098874e+00 2.000000000000000000e+00
5.272037523175084672e+00 5.501695507572230248e+00 0.000000000000000000e+00
8.088445381252725497e+00 8.448802908761061659e+00 1.000000000000000000e+00
6.459843997042880481e+00 6.539595654804021940e+00 0.000000000000000000e+00
4.765351591705649703e+00 7.934743984278640028e+00 2.000000000000000000e+00
4.764194411777920024e+00 5.283643452838062693e+00 0.000000000000000000e+00
6.218402496973615357e+00 5.181647160986603495e+00 0.000000000000000000e+00
4.715027284304833088e+00 8.759414468986705060e+00 2.000000000000000000e+00
7.730633982950905647e+00 8.544837986425980247e+00 1.000000000000000000e+00
3.394039173277472621e+00 7.709883264986060247e+00 2.000000000000000000e+00
5.827348002874546573e+00 4.201133932323647180e+00 0.000000000000000000e+00
4.763193784174678314e+00 7.389485919133858438e+00 2.000000000000000000e+00
4.521743708652023130e+00 7.814812135703336438e+00 2.000000000000000000e+00
5.143144109364366834e+00 4.533669002841120843e+00 0.000000000000000000e+00
8.204429719325258219e+00 7.150487473845547726e+00 1.000000000000000000e+00
5.758900728336585395e+00 5.477319920064367409e+00 0.000000000000000000e+00
5.690531691986032037e+00 5.039237171150822370e+00 0.000000000000000000e+00
5.308892097727961890e+00 8.341646829739342905e+00 2.000000000000000000e+00
4.302860461436663009e+00 7.568241877749452229e+00 2.000000000000000000e+00
6.989096699472461260e+00 4.188528958571602345e+00 0.000000000000000000e+00
9.000494417410145331e+00 7.455058357081794540e+00 1.000000000000000000e+00
7.178735315114387561e+00 3.960515628563571866e+00 0.000000000000000000e+00
8.302359672339614249e+00 8.722148818330598630e+00 1.000000000000000000e+00
5.051952630014421075e+00 7.985393971860762719e+00 2.000000000000000000e+00
3.353822106643948864e+00 8.986739927439410636e+00 2.000000000000000000e+00
3.498714044322358330e+00 8.617695741952559274e+00 2.000000000000000000e+00
6.802172114998637831e+00 8.961116551349761039e+00 1.000000000000000000e+00
4.246563307069119553e+00 8.892391499275845490e+00 2.000000000000000000e+00
4.173147411479413371e+00 7.341244876645312445e+00 2.000000000000000000e+00
3.691209525177003847e+00 6.604502100356886451e+00 2.000000000000000000e+00
5.889398797033216226e+00 4.157807509166838500e+00 0.000000000000000000e+00
5.478586694374321553e+00 8.737688294512448550e+00 2.000000000000000000e+00
8.576136435451839901e+00 7.059412892716897758e+00 1.000000000000000000e+00
5.773493213131717816e+00 5.344443656351927530e+00 0.000000000000000000e+00
6.824127550386760888e+00 8.609814328731498989e+00 1.000000000000000000e+00
7.846056098571700055e+00 5.527095800155144012e+00 0.000000000000000000e+00
4.416649759102190487e+00 8.046697507170398111e+00 2.000000000000000000e+00
3.503034128967140060e+00 7.747008537894223501e+00 2.000000000000000000e+00
8.030767843346369617e+00 9.725497864324392339e+00 1.000000000000000000e+00
3.633358369596196180e+00 6.757835300182598814e+00 2.000000000000000000e+00
8.381123553164433915e+00 8.956524973864615546e+00 1.000000000000000000e+00
8.693260305754245465e+00 7.760294982950683540e+00 1.000000000000000000e+00
4.790808513775312250e+00 8.833151707501714966e+00 2.000000000000000000e+00
5.820901634576648220e+00 6.679824237636912798e+00 0.000000000000000000e+00
8.567697627159684970e+00 7.974247737477010212e+00 1.000000000000000000e+00
6.755554462456497156e+00 7.868682485261050630e+00 1.000000000000000000e+00
5.156356246410317645e+00 5.903190691353600528e+00 2.000000000000000000e+00
4.951208605646712613e+00 6.145257217850074838e+00 2.000000000000000000e+00
5.923942775335833133e+00 4.732374305503846301e+00 0.000000000000000000e+00
3.519596529100574411e+00 7.481091385918738013e+00 2.000000000000000000e+00
6.491593410008891674e+00 7.734604787828859962e+00 1.000000000000000000e+00
3.649388840783334587e+00 7.983397390721260756e+00 2.000000000000000000e+00
3.943682335540258155e+00 7.514028718453790390e+00 2.000000000000000000e+00
7.571791580305175628e+00 4.302436741633909101e+00 0.000000000000000000e+00
5.707641247130131212e+00 7.978428488573576338e+00 2.000000000000000000e+00
3.322037969720230244e+00 8.627923717909897761e+00 2.000000000000000000e+00
7.496407907619721200e+00 6.040828252895383166e+00 1.000000000000000000e+00
7.990025917779925990e+00 7.396074426533088442e+00 1.000000000000000000e+00
1.082291694274480953e+01 7.489808469179282113e+00 1.000000000000000000e+00
3.390532247537241251e+00 7.232374541684051472e+00 2.000000000000000000e+00
9.308325958206802753e+00 7.023601404808596627e+00 1.000000000000000000e+00
4.874645306413864176e+00 7.403020579669369106e+00 2.000000000000000000e+00
4.310336891920254487e+00 9.175590166245116919e+00 2.000000000000000000e+00
7.264894549754250974e+00 8.517436719990445937e+00 1.000000000000000000e+00
6.767953967241359337e+00 4.874259442603034564e+00 0.000000000000000000e+00
4.271590244455190089e+00 8.234344900544456891e+00 2.000000000000000000e+00
5.572164412375816056e+00 5.429849163635801723e+00 0.000000000000000000e+00
6.019676552963897365e+00 4.578193565349898186e+00 0.000000000000000000e+00
5.102682184023286105e+00 4.903885411898697200e+00 0.000000000000000000e+00
8.422678733849080501e+00 8.201732794438656882e+00 1.000000000000000000e+00
7.817544234107880463e+00 8.868060907184066366e+00 1.000000000000000000e+00
4.572429428045374777e+00 9.304725003264300298e+00 2.000000000000000000e+00
5.706150451729634199e+00 3.791591789560307735e+00 0.000000000000000000e+00
7.838033946987765788e+00 8.198338257321102773e+00 1.000000000000000000e+00
3.720725042733414423e+00 8.191235764504355643e+00 2.000000000000000000e+00
7.395942594921335100e+00 8.961459310361217234e+00 1.000000000000000000e+00
2.556845099747278027e+00 8.215759077447817305e+00 2.000000000000000000e+00
5.003058747943902596e+00 4.984053513880872366e+00 0.000000000000000000e+00
8.283147367900774327e+00 6.272341179501650821e+00 1.000000000000000000e+00
3.108025996643598354e+00 6.958432779187229578e+00 2.000000000000000000e+00
6.329698813086052311e+00 4.059869556282987624e+00 0.000000000000000000e+00
8.085332964039615433e+00 8.273126958443199896e+00 1.000000000000000000e+00
5.508803248815689280e+00 4.821045923399992716e+00 0.000000000000000000e+00
7.175585458621903889e+00 4.455857327752061892e+00 0.000000000000000000e+00
5.140117263863679398e+00 5.527319387992354116e+00 0.000000000000000000e+00
2.833331248508828448e+00 8.761105449983956461e+00 2.000000000000000000e+00
4.111103099628937052e+00 7.036718920264237731e+00 2.000000000000000000e+00
8.522517334453331372e+00 7.703363437721780116e+00 1.000000000000000000e+00
8.578832088216943319e+00 9.498217566204150586e+00 1.000000000000000000e+00
7.271127698971193709e+00 7.205945433324243865e+00 1.000000000000000000e+00
8.794875612652413466e+00 9.540648642849909322e+00 1.000000000000000000e+00
9.097510567423244154e+00 7.901022473969085524e+00 1.000000000000000000e+00
3.819663934113537440e+00 7.762330063020890236e+00 2.000000000000000000e+00
4.771910509495700836e+00 9.939445295411612591e+00 2.000000000000000000e+00
8.577405973207213208e+00 9.213414908628243083e+00 1.000000000000000000e+00
4.027252690043081174e+00 8.006687330205986441e+00 2.000000000000000000e+00
7.118304206048263083e+00 7.214139970160359461e+00 1.000000000000000000e+00
4.145392823863624621e+00 8.121899365855123065e+00 2.000000000000000000e+00
6.909114459601251923e+00 5.828016139922986838e+00 0.000000000000000000e+00
5.229903846184797978e+00 9.260626756689731565e+00 2.000000000000000000e+00
3.664225704069729250e+00 7.019144031008226925e+00 2.000000000000000000e+00
5.309421156301438849e+00 5.607113636260403489e+00 0.000000000000000000e+00
4.377227414469827771e+00 9.056334330185455528e+00 2.000000000000000000e+00
3.871809507368248582e+00 8.577824098907772310e+00 2.000000000000000000e+00
3.501376005030786498e+00 7.583711178290643673e+00 2.000000000000000000e+00
7.357686649663329526e+00 9.573722210387483500e+00 1.000000000000000000e+00
6.209245103260863985e+00 5.614296266178036454e+00 0.000000000000000000e+00
4.590835664409684824e+00 5.912440220274534752e+00 0.000000000000000000e+00
2.271497596560265730e+00 8.325324519478829899e+00 2.000000000000000000e+00
8.148892569835357591e+00 7.954538861175117326e+00 1.000000000000000000e+00
3.918895375039427531e+00 7.734231456471664323e+00 2.000000000000000000e+00
6.115539291140350109e+00 6.584373665217789551e+00 0.000000000000000000e+00
3.655384208486185393e+00 8.755427783359431615e+00 2.000000000000000000e+00
7.455254638971569925e+00 5.452466793799914058e+00 0.000000000000000000e+00
6.676599675814723689e+00 7.479424190958307683e+00 1.000000000000000000e+00
1.018063486360926184e+01 7.605502330199024996e+00 1.000000000000000000e+00
4.068226385743317408e+00 8.170663415518124140e+00 2.000000000000000000e+00
5.724416388634465669e+00 5.745177178346521529e+00 0.000000000000000000e+00
6.572925068473168153e+00 6.268328050427607323e+00 0.000000000000000000e+00
8.936901222697541058e+00 6.954861884485535661e+00 1.000000000000000000e+00
4.452544972842429338e+00 5.051408896473883026e+00 0.000000000000000000e+00
3.984547194649935786e+00 8.215517962243888306e+00 2.000000000000000000e+00
8.261231406989999471e+00 8.057827229468150776e+00 1.000000000000000000e+00
3.671826544582667218e+00 7.637066300221600379e+00 2.000000000000000000e+00
6.085882578472132209e+00 5.829305061793560228e+00 0.000000000000000000e+00
8.512580523607693905e+00 8.267267143689601028e+00 1.000000000000000000e+00
4.070428876899903514e+00 7.406591814797968354e+00 2.000000000000000000e+00
4.180151547439720616e+00 8.428536471495855054e+00 2.000000000000000000e+00
7.657902519115825868e+00 6.744635865992341550e+00 1.000000000000000000e+00
7.841524919408698224e+00 7.698044713527582239e+00 1.000000000000000000e+00
4.334689533306878673e+00 8.583554459024789196e+00 2.000000000000000000e+00
7.795404573510811730e+00 7.272679316464676802e+00 1.000000000000000000e+00
4.920658770898333145e+00 5.777010785789618907e+00 0.000000000000000000e+00
5.360987972274461555e+00 8.118081948789445335e+00 2.000000000000000000e+00
4.994420686228250084e+00 5.210974128035382513e+00 0.000000000000000000e+00
2.373685238400160991e+00 7.641342675500036208e+00 2.000000000000000000e+00
4.886831961112742206e+00 5.788255034884369543e+00 0.000000000000000000e+00
3.080221769487086370e+00 8.340498063688830399e+00 2.000000000000000000e+00
4.739004775251172141e+00 6.036886455734986612e+00 2.000000000000000000e+00
8.222594157099289092e+00 7.501025345618416829e+00 1.000000000000000000e+00
3.071645444904450351e+00 9.218477371142387966e+00 2.000000000000000000e+00
8.692191659776586476e+00 8.663399440294618614e+00 1.000000000000000000e+00
6.171823936200719452e+00 6.890229622830958078e+00 0.000000000000000000e+00
5.465990621181822995e+00 5.459276837070730082e+00 0.000000000000000000e+00
8.729309734277418187e+00 6.845022685063359980e+00 1.000000000000000000e+00
3.783017027903790908e+00 9.490330471818777980e+00 2.000000000000000000e+00
4.166518896887284384e+00 3.251669736671190414e+00 0.000000000000000000e+00
2.681477665113917830e+00 6.909378754363890707e+00 2.000000000000000000e+00
8.408719196275393770e+00 8.092920609319619984e+00 1.000000000000000000e+00
4.806556488728210397e+00 5.587174411832561027e+00 2.000000000000000000e+00
6.593144816490188909e+00 3.535305493445368263e+00 0.000000000000000000e+00
7.744170269137962137e+00 8.686337529454480233e+00 1.000000000000000000e+00
6.146126227980342804e+00 8.511925358407756548e+00 1.000000000000000000e+00
9.184968886125364662e+00 7.499537333906757475e+00 1.000000000000000000e+00
3.401978985136319800e+00 7.530655648242035483e+00 2.000000000000000000e+00
3.798518242199933503e+00 6.938808281778570120e+00 2.000000000000000000e+00
7.924045260695534054e+00 4.293019402771788506e+00 0.000000000000000000e+00
7.182925940824066657e+00 6.760424208665819279e+00 1.000000000000000000e+00
3.528456262999114301e+00 8.352187603504178881e+00 2.000000000000000000e+00
7.402924986557873233e+00 5.098462426782885082e+00 0.000000000000000000e+00
3.531582602577829633e+00 9.190513253418460593e+00 2.000000000000000000e+00
8.933885225890051629e+00 8.980230728168514531e+00 1.000000000000000000e+00
8.359552728145784428e+00 7.885888720064229140e+00 1.000000000000000000e+00
7.633921466987143134e+00 7.491726738874797675e+00 1.000000000000000000e+00
7.896169087155069377e+00 7.421276162085280070e+00 1.000000000000000000e+00
3.801355333450461060e+00 9.122001221028511964e+00 2.000000000000000000e+00
7.327820039291107257e+00 9.040163880166092625e+00 1.000000000000000000e+00
6.303498844477612550e+00 5.907258889768186805e+00 0.000000000000000000e+00
7.662443169572279444e+00 8.753176432175942878e+00 1.000000000000000000e+00
5.690489361710646676e+00 4.099847729114736161e+00 0.000000000000000000e+00
6.979017693034567316e+00 7.745769278253027856e+00 1.000000000000000000e+00
5.586051452243381732e+00 5.579918299427290229e+00 0.000000000000000000e+00
5.965174041660554316e+00 3.545804880767034817e+00 0.000000000000000000e+00
3.709557239364246417e+00 6.854346379080873852e+00 2.000000000000000000e+00
6.783872822279017889e+00 4.542388579152139449e+00 0.000000000000000000e+00
3.738604358894594082e+00 1.026183983524772003e+01 2.000000000000000000e+00
5.735492951627182201e+00 7.637535675011505987e+00 1.000000000000000000e+00
7.897244086086613990e+00 7.778523497971001177e+00 1.000000000000000000e+00
5.739902391291165529e+00 4.647365384172756464e+00 0.000000000000000000e+00
5.840131023614803851e+00 3.640589262421188188e+00 0.000000000000000000e+00
5.524645422962890073e+00 4.034328240059446458e+00 0.000000000000000000e+00
4.514350860758310269e+00 4.198499974253256717e+00 0.000000000000000000e+00
3.827075880480375059e+00 8.666943050290020878e+00 2.000000000000000000e+00
7.830903167258688846e+00 8.256666038595223966e+00 1.000000000000000000e+00
6.756775402326993252e+00 4.907401504183816598e+00 0.000000000000000000e+00
3.858450754219702628e+00 6.189907738923516867e+00 2.000000000000000000e+00
7.340850130501666015e+00 9.612884186068447079e+00 1.000000000000000000e+00
6.254408141023578338e+00 4.256512311337411703e+00 0.000000000000000000e+00
5.794110754016854159e+00 6.452025237106804312e+00 0.000000000000000000e+00
5.346962592779015644e+00 4.219008190138769265e+00 0.000000000000000000e+00
8.446037918452299564e+00 7.594444424501068269e+00 1.000000000000000000e+00
9.386937786586177168e+00 8.731757554865664517e+00 1.000000000000000000e+00
7.997530367265789586e+00 7.948464243062644208e+00 1.000000000000000000e+00
8.515566140351300106e+00 7.373303816404058075e+00 1.000000000000000000e+00
5.458958879415554577e+00 5.500466159069646643e+00 0.000000000000000000e+00
8.520397644658844527e+00 8.633151855974553257e+00 1.000000000000000000e+00
3.029620023058691380e+00 8.620384139097616583e+00 2.000000000000000000e+00
5.441999240446683928e+00 5.628228830664997240e+00 0.000000000000000000e+00
5.296279485581879776e+00 4.606241915454277525e+00 0.000000000000000000e+00
6.912487767133506544e+00 6.860822200482024513e+00 1.000000000000000000e+00
8.856771505960491453e+00 8.333484674455661434e+00 1.000000000000000000e+00
4.615086078829821581e+00 4.596894333755493278e+00 0.000000000000000000e+00
8.370588266851948234e+00 7.415635715898852176e+00 1.000000000000000000e+00
3.277734605996974526e+00 8.465207426593163831e+00 2.000000000000000000e+00
7.050367649399968073e+00 4.964298169918565762e+00 0.000000000000000000e+00
4.051773897750042153e+00 8.445599152137999610e+00 2.000000000000000000e+00
6.558974430755107221e+00 5.860509533712226826e+00 0.000000000000000000e+00
4.902230042718870529e+00 7.204431784155257645e+00 0.000000000000000000e+00
3.377889314099242757e+00 8.627418533685666802e+00 2.000000000000000000e+00
7.844397311082322410e+00 7.812125433479915060e+00 1.000000000000000000e+00
2.911216180876355253e+00 7.722392040710731820e+00 2.000000000000000000e+00
5.639209627389965895e+00 5.741605056605366464e+00 0.000000000000000000e+00
7.830051515761912384e+00 8.006280636150256313e+00 1.000000000000000000e+00
4.151359001460078524e+00 8.979148807133517707e+00 2.000000000000000000e+00
8.429295689448283113e+00 7.773046447559372574e+00 1.000000000000000000e+00
5.734349656040125254e+00 8.598370663470266351e+00 2.000000000000000000e+00
7.921432529239651466e+00 7.797806024361692678e+00 1.000000000000000000e+00
7.714192837506883116e+00 5.999951028704454181e+00 0.000000000000000000e+00
4.410691948490544689e+00 8.691601362818049736e+00 2.000000000000000000e+00
7.985163290939248704e+00 8.621692139556305534e+00 1.000000000000000000e+00
3.491322641133032700e+00 8.201178755576961521e+00 2.000000000000000000e+00
6.869885325206151805e+00 5.641744145272942212e+00 0.000000000000000000e+00
7.971629756072760031e+00 3.293275169398016899e+00 0.000000000000000000e+00
5.463924990437725171e+00 6.859875062190096351e+00 2.000000000000000000e+00
8.262920131873961793e+00 1.047971244844214134e+01 1.000000000000000000e+00
7.677410111796202585e+00 7.137416862770129988e+00 1.000000000000000000e+00
8.786676032497027222e+00 7.611560321045493183e+00 1.000000000000000000e+00
3.143769366723136116e+00 7.908974748549000289e+00 2.000000000000000000e+00
6.406155614436153556e+00 3.484346012718586572e+00 0.000000000000000000e+00
1.968035677355460589e+00 7.288030791743170589e+00 2.000000000000000000e+00
6.706704227671218987e+00 4.401619009729508036e+00 0.000000000000000000e+00
5.217492613333997831e+00 8.161957885531183621e+00 2.000000000000000000e+00
5.619428734748302290e+00 5.077817965871858519e+00 0.000000000000000000e+00
4.167209824056029355e+00 6.588473535495426248e+00 2.000000000000000000e+00
9.387145471356774351e+00 7.658479491242895953e+00 1.000000000000000000e+00
7.032210338759534274e+00 4.955267678757191874e+00 0.000000000000000000e+00
8.543089921506837214e+00 7.604189227431241704e+00 1.000000000000000000e+00
6.715523484982360181e+00 4.663005513041101224e+00 0.000000000000000000e+00
5.629524753130366044e+00 6.150675274557549699e+00 0.000000000000000000e+00
3.486223499868114306e+00 6.743775932254472139e+00 0.000000000000000000e+00
8.169795621913733541e+00 8.792813201634878340e+00 1.000000000000000000e+00
3.644003997827266694e+00 7.026983181934288503e+00 2.000000000000000000e+00
4.770554477712337871e+00 6.429539945641120191e+00 2.000000000000000000e+00
3.238332742680943621e+00 7.090853518945843703e+00 2.000000000000000000e+00
8.362032150027394195e+00 8.041718337570385344e+00 1.000000000000000000e+00
6.699677284723976278e+00 4.893105945107219412e+00 0.000000000000000000e+00
4.240041007159470077e+00 7.549221671541210377e+00 2.000000000000000000e+00
4.641046086765945766e+00 8.316664440908917655e+00 2.000000000000000000e+00
6.310344898314571793e+00 8.732095238082733246e+00 1.000000000000000000e+00
6.687263585821306755e+00 6.685423116026641743e+00 1.000000000000000000e+00
7.804403046066423322e+00 7.582637732205756542e+00 1.000000000000000000e+00
7.677748330819286871e+00 9.528231461429895077e+00 1.000000000000000000e+00
7.009275937412096980e+00 5.368010484143145078e+00 0.000000000000000000e+00
3.165280314477051160e+00 8.415175497126677229e+00 2.000000000000000000e+00
7.635021922768938651e+00 7.596598612982503163e+00 1.000000000000000000e+00
6.702024421804766874e+00 4.433502556351598400e+00 0.000000000000000000e+00
3.910160733290128032e+00 8.643298280816377854e+00 2.000000000000000000e+00
2.705345654712019154e+00 9.489252081821991425e+00 2.000000000000000000e+00
3.363498709768700135e+00 7.431957960805558372e+00 2.000000000000000000e+00
4.516122122502862268e+00 9.025713464071456471e+00 2.000000000000000000e+00
8.112410612081816907e+00 7.521248886500162101e+00 1.000000000000000000e+00
7.460755996244280652e+00 7.553662115151901446e+00 1.000000000000000000e+00
3.939159227075976322e+00 7.738507137027563765e+00 2.000000000000000000e+00
3.637516038897653292e+00 7.407229325914912899e+00 2.000000000000000000e+00
6.406010644861138914e+00 4.374571188933284560e+00 0.000000000000000000e+00
6.962074459981136165e+00 5.036334287920555042e+00 0.000000000000000000e+00
4.613834901189934001e+00 6.815476304575786237e+00 2.000000000000000000e+00
8.464720726028961195e+00 7.594225587102238606e+00 1.000000000000000000e+00
4.519178884816040132e+00 7.531325002101108446e+00 2.000000000000000000e+00
3.441143470360116474e+00 6.136767102058395373e+00 2.000000000000000000e+00
4.462089868617369781e+00 8.224183324572534204e+00 2.000000000000000000e+00
2.942045622926200199e+00 8.482290401829875037e+00 2.000000000000000000e+00
4.927208511090364951e+00 7.075359782809972131e+00 2.000000000000000000e+00
7.417921117715142287e+00 6.085947108232010905e+00 0.000000000000000000e+00
7.212158851672669790e+00 7.844942654591367415e+00 1.000000000000000000e+00
5.834939822411978838e+00 5.990900182401633245e+00 0.000000000000000000e+00
4.506807096622874376e+00 6.646157960919691909e+00 2.000000000000000000e+00
7.092304909986427930e+00 7.934822541700127907e+00 1.000000000000000000e+00
8.017996054299926456e+00 8.364359928688802626e+00 1.000000000000000000e+00
6.054675176219555865e+00 5.190012279506944992e+00 0.000000000000000000e+00
5.905189758743212280e+00 5.567176103616420235e+00 0.000000000000000000e+00
5.900597676224415444e+00 4.444374142658874760e+00 0.000000000000000000e+00
6.734439315891655120e+00 4.448833724184058980e+00 0.000000000000000000e+00
2.279165475836833821e+00 8.109040804296217431e+00 2.000000000000000000e+00
3.821140090035823889e+00 7.142896095690639768e+00 2.000000000000000000e+00
5.811995189962699371e+00 5.527960872063977682e+00 0.000000000000000000e+00
5.014579338833062394e+00 5.152444189752801051e+00 0.000000000000000000e+00
3.379284140822506721e+00 7.195522222435220883e+00 2.000000000000000000e+00
9.035249765681145462e+00 6.350421180289840706e+00 1.000000000000000000e+00
5.824448393211689279e+00 5.724854081808963713e+00 0.000000000000000000e+00
6.615601195363757903e+00 4.681931015419687370e+00 0.000000000000000000e+00
7.251839295139657082e+00 7.983849556684781135e+00 1.000000000000000000e+00
1.906167924489651888e+00 6.548218329946189797e+00 2.000000000000000000e+00
2.898493567195302489e+00 7.666752752100879142e+00 2.000000000000000000e+00
8.559756340825826371e+00 8.849066401644288149e+00 1.000000000000000000e+00
7.475765538698007973e+00 7.988691411888627414e+00 1.000000000000000000e+00
5.964739569411452891e+00 4.794121245901808770e+00 0.000000000000000000e+00
4.174462798228935512e+00 7.745747546948174467e+00 2.000000000000000000e+00
3.969214030172176333e+00 7.613818510107560833e+00 2.000000000000000000e+00
5.140753621998040757e+00 9.166670669401995042e+00 2.000000000000000000e+00
8.854833678264533603e+00 8.300532133602235518e+00 1.000000000000000000e+00
4.698063191785379900e+00 8.248082076905360438e+00 2.000000000000000000e+00
6.778866866392210255e+00 2.928615172807745637e+00 0.000000000000000000e+00
4.239860161420232032e+00 6.514686862220746555e+00 2.000000000000000000e+00
4.251008934898482750e+00 5.317244927932399889e+00 0.000000000000000000e+00
8.439069596136015150e+00 7.781214252969194334e+00 1.000000000000000000e+00
7.198311401328832737e+00 4.741422922871582735e+00 0.000000000000000000e+00
5.318840871996486364e+00 9.167018568613016782e+00 2.000000000000000000e+00
6.718257415769048890e+00 4.908261164662760301e+00 0.000000000000000000e+00
8.431786686123071917e+00 7.724572520332994685e+00 1.000000000000000000e+00
7.609239971117641943e+00 9.449660990092125346e+00 1.000000000000000000e+00
6.810770354337970289e+00 4.384644926743099802e+00 0.000000000000000000e+00
6.624029603094346186e+00 4.317739404299390849e+00 0.000000000000000000e+00
6.389023094645004619e+00 8.076269749827954314e+00 1.000000000000000000e+00
8.080746693558786831e+00 8.068638340329567171e+00 1.000000000000000000e+00
7.168892948696978351e+00 8.146163562342451314e+00 1.000000000000000000e+00
5.601993648438144291e+00 5.291174618241289096e+00 0.000000000000000000e+00
6.335211166360298130e+00 4.866359177246545542e+00 0.000000000000000000e+00
4.008569941302185136e+00 8.435299266870043056e+00 2.000000000000000000e+00
8.136480242981134481e+00 7.897872520715563560e+00 1.000000000000000000e+00
8.487018317063242279e+00 8.389255014863280735e+00 1.000000000000000000e+00
6.140637465243075077e+00 4.828801077423624299e+00 0.000000000000000000e+00
7.777978368461964997e+00 8.733773889096802634e+00 1.000000000000000000e+00
4.234857669798605784e+00 7.710876911571888037e+00 2.000000000000000000e+00
4.009149256924333216e+00 9.144746238274109373e+00 2.000000000000000000e+00
5.799827374323082374e+00 6.323144309443166300e+00 0.000000000000000000e+00
6.936080237838686102e+00 4.173403965529976389e+00 0.000000000000000000e+00
4.314155120128228660e+00 5.828553606249460728e+00 0.000000000000000000e+00
4.671627378228971672e+00 7.475506650282922827e+00 2.000000000000000000e+00
5.760403344596739750e+00 5.029353092024022587e+00 0.000000000000000000e+00
6.886456504547290081e+00 5.964127185061301795e+00 0.000000000000000000e+00
7.771884391497509981e+00 7.888075717656034769e+00 1.000000000000000000e+00
4.115989861600884758e+00 9.614497481872291473e+00 2.000000000000000000e+00
5.662675781427612520e+00 4.325027344451900291e+00 0.000000000000000000e+00
2.989295247146841916e+00 6.940600626255745809e+00 2.000000000000000000e+00
5.306620967663230104e+00 8.206993995449812118e+00 2.000000000000000000e+00
8.280066471747256074e+00 7.751307904944077620e+00 1.000000000000000000e+00
7.696112918083839460e+00 8.444256897983404286e+00 1.000000000000000000e+00
5.626637788840588073e+00 5.406751433589100486e+00 0.000000000000000000e+00
3.997802083417621333e+00 9.068113062174905536e+00 2.000000000000000000e+00
7.849161692266304335e+00 5.048068583118513253e+00 0.000000000000000000e+00
6.405139961490460720e+00 6.588801590467164182e+00 0.000000000000000000e+00
3.827847298943591436e+00 3.400190261774611589e+00 0.000000000000000000e+00
5.748812050611038948e+00 6.460564177358600446e+00 0.000000000000000000e+00
4.043025923541663680e+00 7.632334533462105775e+00 2.000000000000000000e+00
3.493927886088344259e+00 7.832122441178465344e+00 2.000000000000000000e+00
7.191727136606846038e+00 7.401302218205060512e+00 1.000000000000000000e+00
4.526295366292492517e+00 8.562742433634166872e+00 0.000000000000000000e+00
3.874451946413740355e+00 8.877478518284913633e+00 2.000000000000000000e+00
9.355294937048887149e+00 7.238874704642568325e+00 1.000000000000000000e+00
7.266786000217106078e+00 5.116191421739652689e+00 0.000000000000000000e+00
5.396403942339872195e+00 5.339807407688827112e+00 0.000000000000000000e+00
4.517900092681125024e+00 9.109460475152834746e+00 2.000000000000000000e+00
7.869749262497972353e+00 5.932367764249954156e+00 1.000000000000000000e+00
7.306784751475966289e+00 7.379562379555506979e+00 1.000000000000000000e+00
9.172897915910304789e+00 7.866683781062446812e+00 1.000000000000000000e+00
8.091826194715492804e+00 8.025004976125151401e+00 1.000000000000000000e+00
6.721674928684210570e+00 5.041910568581730701e+00 0.000000000000000000e+00
2.852775416838332134e+00 8.501525044776236939e+00 2.000000000000000000e+00
4.807272210137719881e+00 8.089578149997223022e+00 2.000000000000000000e+00
7.045295983506954407e+00 4.975223552358819745e+00 0.000000000000000000e+00
6.259029610070340865e+00 8.411301101940125591e+00 1.000000000000000000e+00
5.862314069255089244e+00 8.692431262736644015e+00 1.000000000000000000e+00
8.390814445178655490e+00 7.824618724761852384e+00 1.000000000000000000e+00
5.463898907180738895e+00 4.721790813222323635e+00 0.000000000000000000e+00
8.705410220816444777e+00 8.703622714048396602e+00 1.000000000000000000e+00
6.506484986957123517e+00 5.216663383013958821e+00 0.000000000000000000e+00
6.177222560280817731e+00 7.685871938463181507e+00 1.000000000000000000e+00
8.853479138911266588e+00 8.742054961718201511e+00 1.000000000000000000e+00
2.740741259893012760e+00 8.080474734143781035e+00 2.000000000000000000e+00
6.284071452517444811e+00 3.180018905758397629e+00 0.000000000000000000e+00
5.321041853103012365e+00 6.127581339709958996e+00 0.000000000000000000e+00
7.314748519839561425e+00 8.041702438517138063e+00 1.000000000000000000e+00
4.219061672533254814e+00 7.863933149851320970e+00 2.000000000000000000e+00
8.247169754498399286e+00 7.627653668635519857e+00 1.000000000000000000e+00
7.691779725559330316e+00 6.737617016373364187e+00 1.000000000000000000e+00
8.126964464397653742e+00 8.494774279360841618e+00 1.000000000000000000e+00
7.984855083304151613e+00 7.489882020649728744e+00 1.000000000000000000e+00
5.766915431939520609e+00 5.170363877802791386e+00 0.000000000000000000e+00
5.517728549908705205e+00 6.894887077502503736e+00 2.000000000000000000e+00
8.127513836918632606e+00 8.394004173471914854e+00 1.000000000000000000e+00
7.651245863984717843e+00 5.507944569944882574e+00 0.000000000000000000e+00
7.054954622840806877e+00 6.991431054196742600e+00 1.000000000000000000e+00
5.404300276637641787e+00 8.407874515480743938e+00 1.000000000000000000e+00
4.378234402947792425e+00 8.843365628508614407e+00 2.000000000000000000e+00
8.461248500381367776e+00 6.335556277240841361e+00 1.000000000000000000e+00
5.493925112082819417e+00 6.759390267508130989e+00 0.000000000000000000e+00
5.643579809588246121e+00 7.526746999786618986e+00 2.000000000000000000e+00
3.767094263364529461e+00 8.486172198777831355e+00 2.000000000000000000e+00
6.039302093860550613e+00 4.796317181737755675e+00 0.000000000000000000e+00
6.152882329812814355e+00 3.952392825954918365e+00 0.000000000000000000e+00
5.844814613204607490e+00 4.209927423870765573e+00 0.000000000000000000e+00
4.108883571108378874e+00 8.858344878397435451e+00 2.000000000000000000e+00
5.709824516387842941e+00 4.654351080798425855e+00 0.000000000000000000e+00
6.207085261827945288e+00 5.685810062280822308e+00 0.000000000000000000e+00
8.515443352658261134e+00 9.949659970503601514e+00 1.000000000000000000e+00
6.031449230427366359e+00 6.308525823447935110e+00 0.000000000000000000e+00
6.899030797511075619e+00 8.063172470630236788e+00 1.000000000000000000e+00
8.755683453196787980e+00 9.551095968601488906e+00 1.000000000000000000e+00
6.015668467470003833e+00 3.990183144127800396e+00 0.000000000000000000e+00
5.653650976050488275e+00 6.312297414748567981e+00 0.000000000000000000e+00
3.064830924160613534e+00 6.480429520302839919e+00 2.000000000000000000e+00
7.907436303187663995e+00 8.796921616437584746e+00 1.000000000000000000e+00
8.338198361149572690e+00 7.153390744274860324e+00 1.000000000000000000e+00
4.071779943830368786e+00 4.252848022379563275e+00 0.000000000000000000e+00
3.143986476696711829e+00 8.491161251263857679e+00 2.000000000000000000e+00
8.477392382044895314e+00 9.287537825109913214e+00 1.000000000000000000e+00
4.148859613690683013e+00 7.849506533255226515e+00 2.000000000000000000e+00
5.622955892089689378e+00 4.568733576385334949e+00 0.000000000000000000e+00
7.493821959398883514e+00 5.667839744519602263e+00 0.000000000000000000e+00
7.108292416606676767e+00 8.269160060883155694e+00 1.000000000000000000e+00
9.328056600069018600e+00 7.259818680283148140e+00 1.000000000000000000e+00
4.283728389116736146e+00 7.363147800403736731e+00 2.000000000000000000e+00
8.119093399109040377e+00 6.793723539427186431e+00 1.000000000000000000e+00
7.818110385672700779e+00 8.974038251014173184e+00 1.000000000000000000e+00
3.982112502381720986e+00 6.879624018300479982e+00 2.000000000000000000e+00
2.951476347499684572e+00 7.599438739849993851e+00 2.000000000000000000e+00
7.756572821914102356e+00 7.259745497795833558e+00 1.000000000000000000e+00
3.485701124064294554e+00 8.668046692288918109e+00 2.000000000000000000e+00
6.669020889162475818e+00 3.641384584198361196e+00 0.000000000000000000e+00
5.224815275301562423e+00 5.607240373119174670e+00 0.000000000000000000e+00
7.306286334531841398e+00 4.443766837086578825e+00 0.000000000000000000e+00
4.741068463200171834e+00 5.073591036925054532e+00 0.000000000000000000e+00
6.461636838376207947e+00 4.731716448407556008e+00 0.000000000000000000e+00
3.558655804951190937e+00 7.746694685931632129e+00 2.000000000000000000e+00
8.081697020988592328e+00 8.129244489793414630e+00 1.000000000000000000e+00
5.968168867609159989e+00 6.899544548240638342e+00 0.000000000000000000e+00
6.797243219069316389e+00 5.170875484444786174e+00 0.000000000000000000e+00
3.403484760263812525e+00 8.038440565333171861e+00 2.000000000000000000e+00
6.761544582826529926e+00 4.226435653251212621e+00 0.000000000000000000e+00
4.932268352911366449e+00 8.157316235973523177e+00 2.000000000000000000e+00
8.981972492105427364e+00 8.294149084341972511e+00 1.000000000000000000e+00
8.426215151409330417e+00 7.593178037217993115e+00 1.000000000000000000e+00
4.808458969038031938e+00 8.165783956809200106e+00 2.000000000000000000e+00
4.686038042872315401e+00 8.110307894327862144e+00 2.000000000000000000e+00
8.300789862850415091e+00 7.841088235947163199e+00 1.000000000000000000e+00
5.318875261640867436e+00 8.346232159707630771e+00 2.000000000000000000e+00
6.226568019361953255e+00 8.307531394485389242e+00 1.000000000000000000e+00
6.940494968706508061e+00 5.547663228636364963e+00 0.000000000000000000e+00
4.291069146612635166e+00 3.994600376804799069e+00 0.000000000000000000e+00
3.149656990102119192e+00 7.796293547627517917e+00 2.000000000000000000e+00
8.564467615398267952e+00 6.885374275291931134e+00 1.000000000000000000e+00
7.289357941955473486e+00 8.091455697443237227e+00 1.000000000000000000e+00
6.666500805986647293e+00 4.141669458372859047e+00 0.000000000000000000e+00
4.493223773142961619e+00 5.742526841995086784e+00 0.000000000000000000e+00
6.811431648533515570e+00 5.452244905011681020e+00 0.000000000000000000e+00
4.746903702567109029e+00 6.588980227398967493e+00 2.000000000000000000e+00
9.271944514656182079e+00 9.420119838454285244e+00 1.000000000000000000e+00
3.117426922981531234e+00 7.128359121229566497e+00 2.000000000000000000e+00
4.925563907678419895e+00 8.432426528995689452e+00 2.000000000000000000e+00
4.003814265421049789e+00 8.443402031927009332e+00 2.000000000000000000e+00
5.216992599128233543e+00 5.332271422592186561e+00 0.000000000000000000e+00
6.120643376899161048e+00 6.081849375979735406e+00 0.000000000000000000e+00
2.832814432810417671e+00 8.762038254745196042e+00 2.000000000000000000e+00
6.038167263415946451e+00 8.278008146433961656e+00 1.000000000000000000e+00
3.659943219395530800e+00 9.326719471846340426e+00 2.000000000000000000e+00
5.194578240523243018e+00 7.257084579696518212e+00 2.000000000000000000e+00
3.055149681809762097e+00 8.590442948287442704e+00 2.000000000000000000e+00
7.281252986414088468e+00 5.813599256603174226e+00 0.000000000000000000e+00
7.464885677834015354e+00 5.304210526917028545e+00 0.000000000000000000e+00
7.827710178448657352e+00 8.123804044693514470e+00 1.000000000000000000e+00
5.691059007295555361e+00 8.259642812743258844e+00 2.000000000000000000e+00
7.018466448706284666e+00 6.367835134779978645e+00 0.000000000000000000e+00
6.386573526019768465e+00 4.453701441619958956e+00 0.000000000000000000e+00
6.330508632495478238e+00 6.109609273138612906e+00 0.000000000000000000e+00
3.640523321958085479e+00 8.868201056295955453e+00 2.000000000000000000e+00
6.045726979298425618e+00 4.426703918087581791e+00 0.000000000000000000e+00
7.969160904729353234e+00 7.292463954464614595e+00 1.000000000000000000e+00
9.631823443463874312e+00 6.817060205354071201e+00 1.000000000000000000e+00
8.819419237384805044e+00 8.374812600578376731e+00 1.000000000000000000e+00
7.347366815879124324e+00 7.690142657749357902e+00 1.000000000000000000e+00
7.968704991960526840e+00 8.095513215473385316e+00 1.000000000000000000e+00
7.314803142416770321e+00 5.533225521281617709e+00 0.000000000000000000e+00
3.554985625106986014e+00 5.919486552709523508e+00 2.000000000000000000e+00
8.791567326952900885e+00 8.807337492929629974e+00 1.000000000000000000e+00
5.529654997229677349e+00 7.895726454174394782e+00 2.000000000000000000e+00
6.595512968819384092e+00 5.887716962190857828e+00 0.000000000000000000e+00
5.064404892155885740e+00 7.991928185314777444e+00 2.000000000000000000e+00
8.327761948492677035e+00 8.610547125391191159e+00 1.000000000000000000e+00
8.270431069726885909e+00 7.983653111017008364e+00 1.000000000000000000e+00
7.298589235646677942e+00 4.514286594017757004e+00 0.000000000000000000e+00
6.144033362503047435e+00 5.788552029004602417e+00 0.000000000000000000e+00
5.055780729577540100e+00 8.731160651903293157e+00 2.000000000000000000e+00
2.879524442665079231e+00 9.239687082569009391e+00 2.000000000000000000e+00
8.147946296237469355e+00 8.151253724267368383e+00 1.000000000000000000e+00
5.492590138875927508e+00 5.080717766590330697e+00 0.000000000000000000e+00
8.451489224437791492e+00 8.003400715679068966e+00 1.000000000000000000e+00
9.099517177563811288e+00 7.626851985883663865e+00 1.000000000000000000e+00
7.193826292014272816e+00 7.640043447358294770e+00 1.000000000000000000e+00
4.744158564432309433e+00 8.324623189302839066e+00 2.000000000000000000e+00
8.177099983236113090e+00 7.380902427369733232e+00 1.000000000000000000e+00
8.917198496708120814e+00 7.416193118088369118e+00 1.000000000000000000e+00
5.720894903833745992e+00 2.808646012303575468e+00 0.000000000000000000e+00
4.362170897789090951e+00 9.242852177249686108e+00 2.000000000000000000e+00
6.887701669039117292e+00 5.192180511201897275e+00 0.000000000000000000e+00
7.215383736478320209e+00 7.889334073028575922e+00 1.000000000000000000e+00
4.684736755750104287e+00 4.535286882218580118e+00 0.000000000000000000e+00
6.363142477611719805e+00 5.534220670913359896e+00 0.000000000000000000e+00
4.404290753210043263e+00 8.411891870284675221e+00 2.000000000000000000e+00
4.064448296481670830e+00 8.733935813121792791e+00 2.000000000000000000e+00
5.937604172978565131e+00 4.902447139543814281e+00 0.000000000000000000e+00
3.629329625730934872e+00 8.237565894205847172e+00 2.000000000000000000e+00
4.472395092960244511e+00 8.861901254101105962e+00 2.000000000000000000e+00
6.920108340072342656e+00 8.240546203739350872e+00 1.000000000000000000e+00
7.044304712994392759e+00 5.332543444738151450e+00 0.000000000000000000e+00
8.245324208325284232e+00 8.049561275332472121e+00 1.000000000000000000e+00
2.400988844661331889e+00 8.170420581115884318e+00 2.000000000000000000e+00
5.689511510860518761e+00 4.792244231178077740e+00 0.000000000000000000e+00
9.124289887342342809e+00 8.165048763849711122e+00 1.000000000000000000e+00
1.766844769662534009e+00 9.604449260710385516e+00 2.000000000000000000e+00
7.732620717370306096e+00 6.856741482771881557e+00 1.000000000000000000e+00
8.610483925177575770e+00 7.365752345941254831e+00 1.000000000000000000e+00
4.346688281683591448e+00 7.816035181883290051e+00 2.000000000000000000e+00
3.995598631334987161e+00 3.470599755749933735e+00 0.000000000000000000e+00
5.098665964100888459e+00 7.578064434426399210e+00 2.000000000000000000e+00
9.172794462865283549e+00 8.512083266053668495e+00 1.000000000000000000e+00
8.263344244816364537e+00 8.893622652671439255e+00 1.000000000000000000e+00
8.550736090465980155e+00 6.851098022479977345e+00 1.000000000000000000e+00
3.128371995918818538e+00 8.431310577656448757e+00 2.000000000000000000e+00
6.789316376096149241e+00 9.100054966270297641e+00 1.000000000000000000e+00
6.921469884702270647e+00 9.494945447571257802e+00 1.000000000000000000e+00
8.638636649886411334e+00 8.119336120980246818e+00 1.000000000000000000e+00
2.993320066173613014e+00 7.492966357042651460e+00 2.000000000000000000e+00
6.589122137328030426e+00 4.953930397153102128e+00 0.000000000000000000e+00
6.162934869922083614e+00 5.996457905854155612e+00 0.000000000000000000e+00
3.441752079898615868e+00 7.537339426384171759e+00 2.000000000000000000e+00
3.744203412591545099e+00 3.097252470274856506e+00 0.000000000000000000e+00
4.350593114414026630e+00 7.663122491947349069e+00 2.000000000000000000e+00
3.890901992194800929e+00 6.904575675829340398e+00 2.000000000000000000e+00
6.095600451631695726e+00 3.626887715393578127e+00 0.000000000000000000e+00
3.110148567834873479e+00 8.584916295646850770e+00 2.000000000000000000e+00
7.969078152800519455e+00 9.615662421765250656e+00 1.000000000000000000e+00
5.877620406509469930e+00 4.282457193056183442e+00 0.000000000000000000e+00
4.391375355005194159e+00 7.106534194211000077e+00 2.000000000000000000e+00
8.493280595712745296e+00 7.172722552538146168e+00 1.000000000000000000e+00
6.612062855890293633e+00 4.712178560991196363e+00 0.000000000000000000e+00
6.715584883276328299e+00 7.259291244244286290e+00 1.000000000000000000e+00
3.666001741812668691e+00 8.105425840414019589e+00 2.000000000000000000e+00
8.271126051862390582e+00 8.225137481917904836e+00 1.000000000000000000e+00
6.476518791917437845e+00 5.123931088997647265e+00 0.000000000000000000e+00
7.949537282833775365e+00 9.231640993534499628e+00 1.000000000000000000e+00
6.767953099760060098e+00 4.628273621260071025e+00 0.000000000000000000e+00
7.570330587794831700e+00 4.314913789194407379e+00 0.000000000000000000e+00
5.159476809936148989e+00 4.520281706524761134e+00 0.000000000000000000e+00
4.611233136038488389e+00 9.349804178524161458e+00 2.000000000000000000e+00
2.001429828592269811e+00 8.307487482459727346e+00 2.000000000000000000e+00
9.895733025631427537e+00 7.533553295220472457e+00 1.000000000000000000e+00
8.616717940366923401e+00 7.724426413437570638e+00 1.000000000000000000e+00
6.394349712562113375e+00 6.010095489491383169e+00 0.000000000000000000e+00
8.275493136125756877e+00 4.776228700056085685e+00 0.000000000000000000e+00
4.117225658212058548e+00 8.201487762602802434e+00 2.000000000000000000e+00
9.408555942336485955e+00 9.205022911049455914e+00 1.000000000000000000e+00
5.728364581487421781e+00 9.599193611117687652e+00 2.000000000000000000e+00
3.443177862963075597e+00 9.549705264499447566e+00 2.000000000000000000e+00
6.983517716224190153e+00 1.013008324252087178e+01 1.000000000000000000e+00
9.306055878817932836e+00 7.999681242555396921e+00 1.000000000000000000e+00
5.631021711662848261e+00 7.682965366525885464e+00 2.000000000000000000e+00
6.939425997230053156e+00 9.242927785359151827e+00 1.000000000000000000e+00
5.210446632973630976e+00 4.218991499414366686e+00 0.000000000000000000e+00
6.167905251889456153e+00 5.369046482487430438e+00 0.000000000000000000e+00
5.079382142610167961e+00 6.979908908263869449e+00 2.000000000000000000e+00
3.229074732079169507e+00 8.298608778920355533e+00 2.000000000000000000e+00
8.501533544536705733e+00 7.422523784452351059e+00 1.000000000000000000e+00
3.867184104244268728e+00 8.935141099462297731e+00 2.000000000000000000e+00
4.700297575113369319e+00 4.545980723348193919e+00 0.000000000000000000e+00
4.644730645870872365e+00 7.824358266324667355e+00 2.000000000000000000e+00
5.771238119153368373e+00 6.259859548232887150e+00 0.000000000000000000e+00
3.894635549940566932e+00 9.737866237004340064e+00 2.000000000000000000e+00
7.458821057059572546e+00 4.274433664355997919e+00 0.000000000000000000e+00
8.012281152765117653e+00 6.742356970576304676e+00 1.000000000000000000e+00
7.807253836655853263e+00 6.670168324260483672e+00 1.000000000000000000e+00
9.238048278501860722e+00 8.269141650348363015e+00 1.000000000000000000e+00
4.242871807255021110e+00 7.359370368346586311e+00 2.000000000000000000e+00
5.520989381191640177e+00 6.006320057045925864e+00 0.000000000000000000e+00
4.090678604138632934e+00 7.740206188767225548e+00 2.000000000000000000e+00
8.884032686354307984e+00 8.487275631246284036e+00 1.000000000000000000e+00
7.524428201959272755e+00 5.177182801325262318e+00 0.000000000000000000e+00
4.306421495805764721e+00 8.753060467639631526e+00 2.000000000000000000e+00
3.337852834181597395e+00 8.771123677953566400e+00 2.000000000000000000e+00
4.533271935222870752e+00 6.771398232966486574e+00 2.000000000000000000e+00
3.324870809649757675e+00 7.061272074934324294e+00 2.000000000000000000e+00
8.042769523225064887e+00 8.552774732114494682e+00 1.000000000000000000e+00
4.168986928928031688e+00 9.638123869714846137e+00 2.000000000000000000e+00
3.642021381816290759e+00 8.150866329902164864e+00 2.000000000000000000e+00
5.125928475726309941e+00 7.931189189525490235e+00 2.000000000000000000e+00
3.702294467299101832e+00 8.732495108394587646e+00 2.000000000000000000e+00
7.111295889729639441e+00 8.301991830955294915e+00 1.000000000000000000e+00
7.002944679101812397e+00 4.472128455060566665e+00 0.000000000000000000e+00
7.722847890103884616e+00 7.973725295036484084e+00 1.000000000000000000e+00
6.270153287960244626e+00 4.682975138155833328e+00 0.000000000000000000e+00
7.296074549189967229e+00 7.905880848065065969e+00 1.000000000000000000e+00
7.403598747660630863e+00 7.653735767601773432e+00 1.000000000000000000e+00
8.571726785903257095e+00 1.006454542409453268e+01 1.000000000000000000e+00
4.992796141296245160e+00 6.760471013333277490e+00 0.000000000000000000e+00
4.446026113101856581e+00 7.645875672263877654e+00 2.000000000000000000e+00
5.772674668678334342e+00 8.661181245654747229e+00 2.000000000000000000e+00
6.223919245248993093e+00 4.733022962866223260e+00 0.000000000000000000e+00
3.849898920711019024e+00 7.880847016684420225e+00 2.000000000000000000e+00
8.942324244291222968e+00 7.402517657526356487e+00 1.000000000000000000e+00
5.907524110774301285e+00 7.940402067701450406e+00 2.000000000000000000e+00
2.655460421782950498e+00 6.550597028224689033e+00 2.000000000000000000e+00
5.848621044229755483e+00 4.843237690122808026e+00 0.000000000000000000e+00
5.377505323447222096e+00 4.642921825829620097e+00 0.000000000000000000e+00
5.787206743368312090e+00 5.655032149999684066e+00 0.000000000000000000e+00
6.375571804477376148e+00 5.706293585914030686e+00 0.000000000000000000e+00
6.934942141673472449e+00 6.968281682276831646e+00 0.000000000000000000e+00
8.509331250140370173e+00 6.750298474331883902e+00 1.000000000000000000e+00
7.236119285679150970e+00 8.271708400652904913e+00 1.000000000000000000e+00
8.378332203792886901e+00 8.083395409288693045e+00 1.000000000000000000e+00
8.356655951917126401e+00 7.922583075311897538e+00 1.000000000000000000e+00
6.353798320368585273e+00 3.358472132637325913e+00 0.000000000000000000e+00
3.851286257902203580e+00 8.439537461584142974e+00 2.000000000000000000e+00
5.837171728129664672e+00 4.456471434986068125e+00 0.000000000000000000e+00
5.368790016368540918e+00 4.516499278512195126e+00 0.000000000000000000e+00
4.790862467526879165e+00 7.805738862820652990e+00 2.000000000000000000e+00
4.935913686141329748e+00 4.400820933620786413e+00 0.000000000000000000e+00
8.124750473878856738e+00 8.486034147035240949e+00 1.000000000000000000e+00
6.248849374339965124e+00 4.340055556494218258e+00 0.000000000000000000e+00
4.971733621780074053e+00 4.685591549828409974e+00 0.000000000000000000e+00
7.123821676405033720e+00 7.768852020268131930e+00 1.000000000000000000e+00
7.437391940301278481e+00 8.220177116523203154e+00 1.000000000000000000e+00
5.437192198680611099e+00 4.465541239470941726e+00 0.000000000000000000e+00
3.701583846147955104e+00 6.934155765186857501e+00 2.000000000000000000e+00
3.621699552776357578e+00 6.874348711601982131e+00 2.000000000000000000e+00
5.417774980570582599e+00 5.811338202483839588e+00 0.000000000000000000e+00
5.012561075770173957e+00 5.754771272505539770e+00 0.000000000000000000e+00
8.918929044067928302e+00 9.465732961959103520e+00 1.000000000000000000e+00
7.969408345531887150e+00 8.881483134507821120e+00 1.000000000000000000e+00
8.270179197236917190e+00 7.637332808567315112e+00 1.000000000000000000e+00
5.746437357840948223e+00 6.850719970878463627e+00 0.000000000000000000e+00
8.727771401134827300e+00 5.742126162530111877e+00 0.000000000000000000e+00
8.474982539957345296e+00 6.720842408787414790e+00 1.000000000000000000e+00
5.720283046074316147e+00 8.753492940193700278e+00 2.000000000000000000e+00
8.979709264759012655e+00 7.809399593695026454e+00 1.000000000000000000e+00
5.080302649822821870e+00 5.715075415640973766e+00 0.000000000000000000e+00
2.770376906448350329e+00 8.403124975351762060e+00 2.000000000000000000e+00
3.227235833414007438e+00 8.254954034224372350e+00 2.000000000000000000e+00
6.623316912785419674e+00 4.569194879225904948e+00 0.000000000000000000e+00
5.498254750392560730e+00 5.845251869776839193e+00 0.000000000000000000e+00
8.498625740810718199e+00 8.998901884423752051e+00 1.000000000000000000e+00
8.335263825510295987e+00 8.616694174515524551e+00 1.000000000000000000e+00
4.448734446730677305e+00 7.262672756388964146e+00 2.000000000000000000e+00
7.450482627233605548e+00 6.768357183756261719e+00 1.000000000000000000e+00
4.546685003663415436e+00 8.486864040102156892e+00 2.000000000000000000e+00
9.115961099800269807e+00 8.019853473434208624e+00 1.000000000000000000e+00
9.331683270931723229e+00 7.797914116576441401e+00 1.000000000000000000e+00
3.170675305950557910e+00 8.436182072787875796e+00 2.000000000000000000e+00
6.445690191580164097e+00 4.842767156231749581e+00 0.000000000000000000e+00
8.811321316565534190e+00 8.081384755443615120e+00 1.000000000000000000e+00
3.471645447391876971e+00 7.346524459311847721e+00 2.000000000000000000e+00
6.513005391530161781e+00 9.127034280965208524e+00 1.000000000000000000e+00
8.901278382783285537e+00 6.545507489319181360e+00 1.000000000000000000e+00
6.443102900342983830e+00 4.387389673092003228e+00 0.000000000000000000e+00
7.694659518645871721e+00 8.429574617339980591e+00 1.000000000000000000e+00
5.373670986445058695e+00 7.356578405821428746e+00 2.000000000000000000e+00
8.369748575623415121e+00 8.773860062552621741e+00 1.000000000000000000e+00
5.259779529986173152e+00 5.649540162901423024e+00 0.000000000000000000e+00
6.287135186451388691e+00 4.775566662070330537e+00 0.000000000000000000e+00
9.278843586664970999e+00 7.508337073348101853e+00 1.000000000000000000e+00
6.064296702838689157e+00 7.940819141463140163e+00 1.000000000000000000e+00
7.020392498101893253e+00 4.010097859417371957e+00 0.000000000000000000e+00
8.301411744295903006e+00 7.819482707332972460e+00 1.000000000000000000e+00
4.716737184936762972e+00 7.114576904094836785e+00 2.000000000000000000e+00
3.667139564671853869e+00 8.505325680792699572e+00 2.000000000000000000e+00
4.249457737249164424e+00 4.176118068591464727e+00 0.000000000000000000e+00
5.468695636431943008e+00 8.149830955311724523e+00 2.000000000000000000e+00
3.759255427040480324e+00 8.201047705669022747e+00 2.000000000000000000e+00
7.079026091911355678e+00 5.166640775735549695e+00 0.000000000000000000e+00
8.061414114282502652e+00 8.858319234705424705e+00 1.000000000000000000e+00
6.169559899116125123e+00 7.121481093954225017e+00 2.000000000000000000e+00
6.463872421604916596e+00 3.996616052870656688e+00 0.000000000000000000e+00
4.132168469223403307e+00 8.781037038465013822e+00 2.000000000000000000e+00
5.838348934813778257e+00 5.451552598410648542e+00 0.000000000000000000e+00
7.178039484643021773e+00 9.035058817494050487e+00 1.000000000000000000e+00
4.265221384400565974e+00 7.166583774382969452e+00 2.000000000000000000e+00
5.568758611092528454e+00 5.315150442945451026e+00 0.000000000000000000e+00
4.148540283007108087e+00 8.509620255035887482e+00 2.000000000000000000e+00
6.015448253736679796e+00 4.613771949588415744e+00 0.000000000000000000e+00
3.641341514621934117e+00 8.554151129307610901e+00 2.000000000000000000e+00
5.703853605593026899e+00 6.212394918203447247e+00 0.000000000000000000e+00
4.716100121531521694e+00 6.591163953479923343e+00 0.000000000000000000e+00
4.910538215424861797e+00 8.236351731726911041e+00 2.000000000000000000e+00
3.419741490574360832e+00 9.587528999108098304e+00 2.000000000000000000e+00
6.752404247490842337e+00 6.389023199724035429e+00 0.000000000000000000e+00
5.877199730493570584e+00 4.892851231002671497e+00 0.000000000000000000e+00
8.237282135589463650e+00 9.394470601271978083e+00 1.000000000000000000e+00
5.871123829493486213e+00 5.929685401054776150e+00 0.000000000000000000e+00
8.042434114857677230e+00 8.186555869709120969e+00 1.000000000000000000e+00
7.629481422712910188e+00 3.824845769698036690e+00 0.000000000000000000e+00
4.703211578137343807e+00 6.109027763745592310e+00 0.000000000000000000e+00
6.127476483899224391e+00 2.735326525130826081e+00 0.000000000000000000e+00
5.280407258377415758e+00 4.737564864049250701e+00 0.000000000000000000e+00
6.397227999211724025e+00 4.909860290044850473e+00 0.000000000000000000e+00
3.067825598375971019e+00 7.659664780156031583e+00 2.000000000000000000e+00
5.998297665445796234e+00 3.743041617864111714e+00 0.000000000000000000e+00
3.141979758407233536e+00 8.232033091484403542e+00 2.000000000000000000e+00
4.925569997646585207e+00 7.861728502483621206e+00 2.000000000000000000e+00
4.892947677899734060e+00 5.495483746378593715e+00 0.000000000000000000e+00
3.665703505774475346e+00 7.282496330867105350e+00 2.000000000000000000e+00
5.034332149159519432e+00 5.445642750080285310e+00 0.000000000000000000e+00
6.257028592728833161e+00 5.796627047843655234e+00 0.000000000000000000e+00
7.146380337142899108e+00 6.770391574329261530e+00 0.000000000000000000e+00
