# x1, x2, y
9.586230906158285103e-01 1.184343337847604705e+00 0.000000000000000000e+00
8.041166266462301593e+00 2.194543544774891775e+00 1.000000000000000000e+00
8.128602890141580772e+00 1.995687283685070756e+00 1.000000000000000000e+00
9.236541583265708288e-01 9.750271067671061331e-01 0.000000000000000000e+00
5.663522669103491225e+00 4.500544529950930794e+00 2.000000000000000000e+00
5.513657416535319378e+00 5.291999121838115272e+00 2.000000000000000000e+00
5.542210029717709929e+00 5.515338707354999315e+00 2.000000000000000000e+00
5.699060541646373323e+00 4.846732126144579489e+00 2.000000000000000000e+00
7.744050170918450604e+00 2.141941184913913165e+00 1.000000000000000000e+00
6.447930060070724778e+00 4.841885420441719212e+00 2.000000000000000000e+00
9.437072574864828756e-01 9.041904388818666760e-01 0.000000000000000000e+00
6.028379122029273951e+00 6.201432201128445953e+00 2.000000000000000000e+00
9.224358313119658259e-01 8.504459758524605117e-01 0.000000000000000000e+00
9.300767714761107863e-01 1.207748701547295855e+00 0.000000000000000000e+00
7.850978416353084910e+00 2.215405775335300920e+00 1.000000000000000000e+00
7.992045706825302354e+00 2.028121935603548920e+00 1.000000000000000000e+00
5.465887684206089503e+00 4.733270318164203516e+00 2.000000000000000000e+00
8.152195914727027315e+00 1.529647283208485087e+00 1.000000000000000000e+00
1.042712216627358579e+00 1.039370116819490208e+00 0.000000000000000000e+00
1.018273190648715465e+00 1.169422586186787960e+00 0.000000000000000000e+00
1.046540843167565127e+00 6.858628275665781260e-01 0.000000000000000000e+00
7.890449933165332830e+00 2.046383905241639045e+00 1.000000000000000000e+00
7.844687057392438767e+00 2.262653662216818073e+00 1.000000000000000000e+00
7.754459760492832920e+00 1.888172959561655651e+00 1.000000000000000000e+00
5.548804486183778195e+00 5.038424031139323134e+00 2.000000000000000000e+00
8.040198890733972759e-01 1.011457072023938863e+00 0.000000000000000000e+00
1.208316909455540156e+00 9.007983635270472300e-01 0.000000000000000000e+00
6.317191494696511533e+00 5.513318659095450158e+00 2.000000000000000000e+00
1.090347892044344347e+00 1.063042330547058878e+00 0.000000000000000000e+00
1.029744958019015444e+00 1.017851296871118860e+00 0.000000000000000000e+00
5.777719403298481105e+00 4.686970274666887981e+00 2.000000000000000000e+00
7.888325199130719945e+00 2.051094348730290839e+00 1.000000000000000000e+00
7.943186872659913966e+00 1.818130972570049853e+00 1.000000000000000000e+00
8.378933961331740399e-01 1.108821100672230386e+00 0.000000000000000000e+00
6.535236752190502152e+00 5.240268924046075583e+00 2.000000000000000000e+00
1.069996490084326179e+00 1.155053030190925201e+00 0.000000000000000000e+00
7.694030087356188652e+00 2.139566054641909520e+00 1.000000000000000000e+00
6.105088786712065563e+00 4.849641514134885867e+00 2.000000000000000000e+00
5.433124007162770219e+00 5.701799183941306914e+00 2.000000000000000000e+00
1.183773377390984649e+00 8.419680889449527861e-01 0.000000000000000000e+00
7.325409564583488020e+00 1.696665468542823962e+00 1.000000000000000000e+00
8.941239238896574459e-01 1.178902910163204032e+00 0.000000000000000000e+00
6.065993660348056871e+00 5.016390975299104049e+00 2.000000000000000000e+00
7.662825888300689670e+00 2.325633884121545147e+00 1.000000000000000000e+00
5.290827754458149457e+00 5.000369169479639275e+00 2.000000000000000000e+00
7.911146627376965057e+00 2.024735561508124171e+00 1.000000000000000000e+00
1.219316190556746005e+00 6.909788935753519157e-01 0.000000000000000000e+00
6.265064843503972192e+00 4.974487714175843678e+00 2.000000000000000000e+00
6.617499770584394980e+00 4.514382722926773006e+00 2.000000000000000000e+00
1.055750543681779785e+00 1.277951422760406963e+00 0.000000000000000000e+00
7.857712836622007480e+00 1.734550809672287919e+00 1.000000000000000000e+00
8.281937836237556638e+00 2.012573309756762185e+00 1.000000000000000000e+00
1.264037383967363981e+00 9.909021262337784908e-01 0.000000000000000000e+00
1.063524153109616899e+00 1.011601010252283883e+00 0.000000000000000000e+00
8.969240949820600495e-01 8.732191537751921029e-01 0.000000000000000000e+00
1.101159415723130364e+00 8.916412141878773401e-01 0.000000000000000000e+00
1.052667534476644740e+00 9.896844305382042073e-01 0.000000000000000000e+00
1.093270525645835933e+00 9.100293203393728936e-01 0.000000000000000000e+00
6.570720427248662787e+00 5.060485629436280774e+00 2.000000000000000000e+00
8.142281148956195480e+00 2.049328997936947783e+00 1.000000000000000000e+00
7.750594789540486751e+00 1.715074977991803973e+00 1.000000000000000000e+00
8.091161867131009267e-01 1.047032158069514773e+00 0.000000000000000000e+00
8.079503574104792918e+00 1.777432111972937712e+00 1.000000000000000000e+00
6.457390705018607235e+00 5.110850247038535521e+00 2.000000000000000000e+00
9.764509491260022767e-01 7.997195915477213202e-01 0.000000000000000000e+00
5.716450989274702188e+00 5.215131905143874924e+00 2.000000000000000000e+00
5.888251699438088238e+00 4.933966781383208655e+00 2.000000000000000000e+00
5.964401810183598052e+00 4.370245304657014884e+00 2.000000000000000000e+00
5.796232646655783860e+00 5.114384542691669644e+00 2.000000000000000000e+00
8.304968594757655254e+00 1.716551991151605616e+00 1.000000000000000000e+00
1.113820849014689696e+00 1.132736322169732412e+00 0.000000000000000000e+00
5.532506591905486992e+00 5.205083475281827354e+00 2.000000000000000000e+00
5.895296355198702543e+00 5.099922002656637865e+00 2.000000000000000000e+00
5.501298684420971696e+00 4.683795045774176380e+00 2.000000000000000000e+00
8.156794258847881451e+00 2.040702062576698061e+00 1.000000000000000000e+00
6.131332407885901503e+00 4.992318632659054956e+00 2.000000000000000000e+00
8.241555215644584820e+00 2.181479213130205430e+00 1.000000000000000000e+00
7.867470049949987221e+00 1.898189993997017266e+00 1.000000000000000000e+00
6.026206634261033201e+00 4.374572608677076424e+00 2.000000000000000000e+00
8.131987638583135336e+00 1.609720027335328263e+00 1.000000000000000000e+00
5.996315838602645165e+00 4.864115682553777908e+00 2.000000000000000000e+00
9.666507786084460596e-01 9.698862896605003892e-01 0.000000000000000000e+00
6.573636561103885612e+00 4.536078057006754705e+00 2.000000000000000000e+00
8.090836979643565741e+00 1.755069952138755163e+00 1.000000000000000000e+00
8.002072500224127749e-01 7.358967159401825775e-01 0.000000000000000000e+00
1.002002901452076600e+00 8.957959607069160279e-01 0.000000000000000000e+00
7.978352588119504984e-01 1.220610978503705368e+00 0.000000000000000000e+00
8.389672063630595034e+00 2.592432547266225740e+00 1.000000000000000000e+00
6.738061950499519170e+00 5.564746542882300417e+00 2.000000000000000000e+00
8.480953856492730480e+00 1.848504669865350447e+00 1.000000000000000000e+00
8.027834316595741981e+00 1.995119360419931764e+00 1.000000000000000000e+00
9.326892950992565767e-01 8.991327941820105307e-01 0.000000000000000000e+00
5.606091538812430386e+00 4.880100170190667441e+00 2.000000000000000000e+00
7.553065572895539148e+00 1.953547285804917877e+00 1.000000000000000000e+00
5.933139790010137027e+00 4.724857555415940880e+00 2.000000000000000000e+00
9.329307152821002536e-01 1.183676155720824852e+00 0.000000000000000000e+00
8.219049965662589941e+00 2.030813865893198233e+00 1.000000000000000000e+00
1.087696991571613925e+00 1.048641136517263206e+00 0.000000000000000000e+00
8.290321423335452522e+00 2.267491384737533089e+00 1.000000000000000000e+00
1.018023842872244344e+00 1.092580466456112953e+00 0.000000000000000000e+00
8.212947409378829278e+00 2.408650625342353635e+00 1.000000000000000000e+00
6.561513380090719494e+00 4.906728303682868386e+00 2.000000000000000000e+00
7.213027203329871462e-01 1.185424604567923090e+00 0.000000000000000000e+00
7.480799494519111192e+00 2.236875291836418977e+00 1.000000000000000000e+00
8.008153870789168849e+00 1.680590916229691256e+00 1.000000000000000000e+00
6.305785977933451747e+00 5.326638653805098933e+00 2.000000000000000000e+00
6.760294680537509926e+00 4.711021138174313450e+00 2.000000000000000000e+00
1.243651804549486206e+00 9.082365379524887095e-01 0.000000000000000000e+00
8.096933665685737580e+00 1.911300309497331540e+00 1.000000000000000000e+00
6.411974577077085513e+00 5.574020078677174972e+00 2.000000000000000000e+00
7.790002771346938637e+00 1.425448529865537051e+00 1.000000000000000000e+00
6.279734304897432118e+00 5.466036383252625086e+00 2.000000000000000000e+00
8.993130803744771029e-01 9.981003101621648277e-01 0.000000000000000000e+00
8.194872966513052859e+00 1.728424773197277053e+00 1.000000000000000000e+00
8.325294973172883140e-01 1.012139065145991834e+00 0.000000000000000000e+00
5.824751372042265452e+00 4.641823229479603796e+00 2.000000000000000000e+00
5.786337864795154218e+00 4.630339752257967234e+00 2.000000000000000000e+00
6.316298301626284584e+00 4.802542624309116270e+00 2.000000000000000000e+00
5.989522443107662575e+00 4.751872150225798563e+00 2.000000000000000000e+00
5.240251129323025836e+00 4.784577926200985765e+00 2.000000000000000000e+00
1.079331961837776133e+00 6.644370233331293729e-01 0.000000000000000000e+00
1.052581896799616112e+00 8.031574883143852706e-01 0.000000000000000000e+00
7.776838331621778622e+00 1.959700420114690589e+00 1.000000000000000000e+00
1.078086450561005716e+00 8.283487915565286297e-01 0.000000000000000000e+00
8.293811248177012985e+00 2.279974750889034674e+00 1.000000000000000000e+00
1.077261042045904782e+00 5.826198298520616214e-01 0.000000000000000000e+00
8.626312226396981586e-01 9.389121935470051694e-01 0.000000000000000000e+00
6.590934324048252080e+00 5.083063527387118086e+00 2.000000000000000000e+00
6.713885292997318288e+00 5.558870164307577966e+00 2.000000000000000000e+00
1.179674626258187642e+00 1.255689125705861109e+00 0.000000000000000000e+00
8.722816515203759558e-01 1.150132213552045091e+00 0.000000000000000000e+00
8.099649597040359694e+00 1.951999075842238973e+00 1.000000000000000000e+00
9.840309817666690329e-01 5.813505389959230385e-01 0.000000000000000000e+00
8.045908393564531025e+00 1.978393281539547965e+00 1.000000000000000000e+00
8.106731082206421135e+00 1.910352800583673849e+00 1.000000000000000000e+00
5.780740208784482803e+00 4.538517121008408317e+00 2.000000000000000000e+00
5.663068102467001985e+00 4.561814898657435613e+00 2.000000000000000000e+00
8.405865525823271511e+00 2.289110901598411907e+00 1.000000000000000000e+00
7.965162048637269621e+00 1.817865627643824533e+00 1.000000000000000000e+00
6.490216260031641760e+00 4.474938090776822364e+00 2.000000000000000000e+00
6.119591009605510834e+00 4.956189567394540418e+00 2.000000000000000000e+00
1.181268449282794508e+00 1.167355270417672841e+00 0.000000000000000000e+00
6.458126316998525240e+00 5.256575396189855809e+00 2.000000000000000000e+00
5.867108865592413736e+00 4.870138968736817731e+00 2.000000000000000000e+00
5.851255881715539786e+00 5.508087617911277434e+00 2.000000000000000000e+00
1.011673169186905863e+00 1.092757039299778743e+00 0.000000000000000000e+00
1.097296546613599988e+00 1.016101494073538447e+00 0.000000000000000000e+00
7.962373918587386967e+00 2.228874817015642940e+00 1.000000000000000000e+00
5.613960657876470250e+00 5.265822757548282773e+00 2.000000000000000000e+00
7.912882214970175632e+00 2.134426271860221824e+00 1.000000000000000000e+00
7.669063647192861488e+00 2.054083239405118722e+00 1.000000000000000000e+00
7.827182760809459516e+00 2.285640980001305334e+00 1.000000000000000000e+00
7.950109820500945723e+00 1.836349207868755551e+00 1.000000000000000000e+00
7.869410883716076555e+00 1.907686024542758041e+00 1.000000000000000000e+00
1.067742392583286293e+00 1.165626148945481999e+00 0.000000000000000000e+00
1.073277721980624655e+00 9.886642430468416398e-01 0.000000000000000000e+00
5.699220039078743305e+00 5.360500870998349043e+00 2.000000000000000000e+00
7.727415416886296740e+00 2.425047036661381661e+00 1.000000000000000000e+00
7.752758885727115690e+00 1.762534035128085153e+00 1.000000000000000000e+00
1.042099761568395788e+00 9.890330944379083222e-01 0.000000000000000000e+00
1.207947139636947886e+00 1.082219437703229037e+00 0.000000000000000000e+00
8.258362700816059387e+00 1.963431681347161506e+00 1.000000000000000000e+00
5.637937956580017840e+00 4.881224080296554746e+00 2.000000000000000000e+00
7.997699613939150076e+00 2.166652671351527726e+00 1.000000000000000000e+00
7.988533328482557927e+00 1.945316635258072635e+00 1.000000000000000000e+00
7.921849246583732018e+00 2.025300771624579887e+00 1.000000000000000000e+00
8.069025688480818914e+00 1.938245877278566232e+00 1.000000000000000000e+00
6.271087083235142856e+00 4.566992354674017207e+00 2.000000000000000000e+00
8.254638118691969950e+00 2.307639549988681260e+00 1.000000000000000000e+00
8.833211760058881090e-01 1.167376166188625275e+00 0.000000000000000000e+00
5.821615940785188847e+00 5.148320700568076447e+00 2.000000000000000000e+00
8.259744842526586250e-01 1.202516022802258888e+00 0.000000000000000000e+00
1.151681059566236343e+00 7.785156009219729167e-01 0.000000000000000000e+00
5.688734180108919958e+00 5.042439233796252473e+00 2.000000000000000000e+00
6.250366707186670645e+00 5.153694580626580368e+00 2.000000000000000000e+00
5.803343278805899175e+00 5.112339879144068178e+00 2.000000000000000000e+00
7.318130663200426156e-01 1.054277097375935224e+00 0.000000000000000000e+00
7.792497253608081209e+00 1.745120037648570932e+00 1.000000000000000000e+00
7.874006512714420758e+00 2.004488972912706668e+00 1.000000000000000000e+00
9.643087096371726341e-01 1.173293182913233812e+00 0.000000000000000000e+00
9.835012764754589298e-01 1.001282341815403765e+00 0.000000000000000000e+00
6.167055838737159235e+00 4.915975651636522947e+00 2.000000000000000000e+00
7.611825304205790843e+00 2.144616105064060640e+00 1.000000000000000000e+00
6.044560122450230999e+00 4.975167613784699405e+00 2.000000000000000000e+00
7.880604786335819512e+00 2.006499998546414698e+00 1.000000000000000000e+00
1.168511824303290370e+00 1.045790056036601579e+00 0.000000000000000000e+00
9.315823667276972309e-01 8.530164622507299121e-01 0.000000000000000000e+00
6.252240077166758780e+00 4.459093326903071919e+00 2.000000000000000000e+00
1.121642750920533338e+00 1.156666314206088897e+00 0.000000000000000000e+00
6.127252260096655689e+00 4.696829061754669965e+00 2.000000000000000000e+00
1.021337705878947677e+00 1.077025821998282229e+00 0.000000000000000000e+00
8.072019541751288330e+00 2.374527045894258670e+00 1.000000000000000000e+00
7.071842069132151520e-01 7.896506281820294681e-01 0.000000000000000000e+00
7.901327579751110441e+00 1.707046655194719431e+00 1.000000000000000000e+00
8.098446932812329635e+00 1.942964827324885846e+00 1.000000000000000000e+00
1.127905609258792907e+00 1.005304014558213499e+00 0.000000000000000000e+00
6.379546497201507904e+00 4.961466064588468505e+00 2.000000000000000000e+00
1.309867498032825095e+00 7.793264611251062846e-01 0.000000000000000000e+00
6.401662336112369900e+00 4.819842777276087453e+00 2.000000000000000000e+00
9.720145342138977185e-01 9.847381191206282525e-01 0.000000000000000000e+00
8.468075815568830933e+00 2.191954532247715637e+00 1.000000000000000000e+00
5.705450731708229029e+00 3.896324892433133069e+00 2.000000000000000000e+00
5.869777361646513647e+00 5.029504086818601394e+00 2.000000000000000000e+00
5.906574396522589865e+00 5.248205010155567507e+00 2.000000000000000000e+00
7.910703118599245798e+00 1.869655903647990502e+00 1.000000000000000000e+00
8.322748342907122066e+00 2.019959902814071562e+00 1.000000000000000000e+00
8.078059672253250056e+00 1.951669589881499078e+00 1.000000000000000000e+00
9.826022221791406164e-01 9.736811547007371281e-01 0.000000000000000000e+00
8.558680434406470638e+00 2.011711551214575344e+00 1.000000000000000000e+00
7.865241854994990511e+00 2.161024996985733804e+00 1.000000000000000000e+00
6.101851589829636602e+00 5.376214911990786050e+00 2.000000000000000000e+00
5.799323744760005006e+00 4.958963313004653983e+00 2.000000000000000000e+00
1.118921029887902208e+00 9.064703905480312462e-01 0.000000000000000000e+00
5.601943456054060633e+00 4.718924566846283142e+00 2.000000000000000000e+00
1.130332923550880109e+00 1.112561745979751215e+00 0.000000000000000000e+00
8.597536490583378210e+00 2.061355712297280096e+00 1.000000000000000000e+00
7.704724206807044062e+00 1.885017473891354767e+00 1.000000000000000000e+00
5.799589363941278108e+00 4.422587393594865190e+00 2.000000000000000000e+00
7.725479213644741883e+00 2.189659265755361961e+00 1.000000000000000000e+00
1.121326654039852322e+00 1.268463202480940577e+00 0.000000000000000000e+00
8.102566436349210477e+00 2.214967742949228047e+00 1.000000000000000000e+00
8.329845845540514437e-01 9.898884962579718172e-01 0.000000000000000000e+00
8.754742157027328719e-01 8.679133600233743806e-01 0.000000000000000000e+00
6.016637117757785091e+00 5.081647904469615007e+00 2.000000000000000000e+00
9.963074566186332914e-01 8.837257571246260879e-01 0.000000000000000000e+00
7.877218715552295691e+00 2.033593279009938470e+00 1.000000000000000000e+00
5.887598206981347282e+00 5.011572367005310724e+00 2.000000000000000000e+00
1.069174614996552641e+00 8.236025992838027499e-01 0.000000000000000000e+00
1.002479135095842411e+00 1.026578158041393962e+00 0.000000000000000000e+00
5.456919826282863539e+00 5.498112015214018378e+00 2.000000000000000000e+00
6.352648444889344326e+00 4.985865177240734525e+00 2.000000000000000000e+00
8.349071234180618362e-01 1.171708556475942187e+00 0.000000000000000000e+00
1.006332062007338823e+00 1.087422282057373346e+00 0.000000000000000000e+00
7.506067464531541056e+00 1.852767205989063859e+00 1.000000000000000000e+00
7.771639147586307139e+00 1.844023711832834422e+00 1.000000000000000000e+00
8.246003059235059496e+00 1.860079644520360898e+00 1.000000000000000000e+00
8.879262559373743979e-01 1.253868190154161955e+00 0.000000000000000000e+00
7.966627832658485175e+00 2.496641277735600184e+00 1.000000000000000000e+00
8.188848007297714560e+00 2.175245530380811143e+00 1.000000000000000000e+00
9.503075245101058055e-01 1.057980871769963693e+00 0.000000000000000000e+00
1.075477722015298898e+00 1.193983882379839212e+00 0.000000000000000000e+00
5.880424862045451562e+00 4.799790939475417240e+00 2.000000000000000000e+00
5.718410445126295372e+00 4.773696224616514883e+00 2.000000000000000000e+00
7.631265571908302237e-01 8.757058031715391211e-01 0.000000000000000000e+00
1.125847512081175728e+00 1.139665312195533575e+00 0.000000000000000000e+00
5.857875184581579298e+00 4.759057359890992878e+00 2.000000000000000000e+00
7.792206649203649249e+00 1.859003385397460795e+00 1.000000000000000000e+00
9.720131509732800046e-01 9.914763278671229196e-01 0.000000000000000000e+00
7.966301717676069316e+00 2.262304572688142112e+00 1.000000000000000000e+00
6.324901575223773165e+00 5.029186093032568472e+00 2.000000000000000000e+00
8.068916018787518851e+00 1.559187549752192092e+00 1.000000000000000000e+00
8.142226022625678183e+00 2.482200076338529460e+00 1.000000000000000000e+00
8.102718234499768357e+00 2.047840978784730037e+00 1.000000000000000000e+00
5.230329703160919941e+00 5.325554949087094592e+00 2.000000000000000000e+00
5.287434147747553936e+00 4.768682033378974339e+00 2.000000000000000000e+00
6.262631184022374065e+00 4.971091666363413708e+00 2.000000000000000000e+00
8.080316478620957810e+00 1.818696268563658514e+00 1.000000000000000000e+00
8.052274169143879945e+00 2.388753998583272420e+00 1.000000000000000000e+00
6.522164076313339720e+00 5.010504034160086384e+00 2.000000000000000000e+00
7.957139703130616581e+00 2.046734261442998637e+00 1.000000000000000000e+00
8.373971191471119013e+00 2.168863452301053041e+00 1.000000000000000000e+00
8.120543937108365640e+00 1.530178252137457839e+00 1.000000000000000000e+00
1.092780869617943962e+00 9.335242103949042969e-01 0.000000000000000000e+00
6.027542217444239903e+00 4.582320958372975817e+00 2.000000000000000000e+00
8.441226516947645253e-01 1.109953484757861819e+00 0.000000000000000000e+00
6.549414428469267691e+00 4.871258729521939834e+00 2.000000000000000000e+00
8.046552924617401459e+00 2.214571500220551936e+00 1.000000000000000000e+00
1.327836310979974233e+00 7.905255496767793488e-01 0.000000000000000000e+00
8.949402242618118564e-01 9.694908326553162148e-01 0.000000000000000000e+00
5.673911453244127046e+00 4.626304179986975740e+00 2.000000000000000000e+00
6.117220300318471082e+00 5.595850516417780085e+00 2.000000000000000000e+00
5.692094569435721674e+00 5.753631714242033013e+00 2.000000000000000000e+00
7.514019560417053434e+00 1.706494080864288998e+00 1.000000000000000000e+00
8.066410600628572070e+00 1.934883485283654947e+00 1.000000000000000000e+00
9.252679654553382926e-01 9.533522532545724015e-01 0.000000000000000000e+00
9.363260814143609112e-01 8.902703527404499662e-01 0.000000000000000000e+00
6.177538054588780803e+00 4.959201401580139112e+00 2.000000000000000000e+00
6.455428693205206514e+00 4.890662759682997240e+00 2.000000000000000000e+00
1.093504326486704814e+00 9.347564975567158596e-01 0.000000000000000000e+00
6.634261982058255569e+00 4.818878562138309007e+00 2.000000000000000000e+00
7.936286763189027482e+00 1.964772311902460489e+00 1.000000000000000000e+00
8.123585412745594425e+00 1.626451558681328846e+00 1.000000000000000000e+00
6.445418165953072709e+00 4.650501754823777922e+00 2.000000000000000000e+00
1.092697830088050104e+00 9.723735511519382424e-01 0.000000000000000000e+00
7.366111539650722628e-01 1.107218439622872364e+00 0.000000000000000000e+00
5.724440260311090434e+00 5.086422955898564524e+00 2.000000000000000000e+00
5.950093397859624211e+00 5.093075550528888051e+00 2.000000000000000000e+00
1.099153043139803998e+00 1.268823731346335082e+00 0.000000000000000000e+00
8.112554435509460760e+00 2.156859270688277430e+00 1.000000000000000000e+00
8.346993452387241774e+00 2.056549939210789102e+00 1.000000000000000000e+00
6.173776763425397718e+00 5.026592051647952530e+00 2.000000000000000000e+00
9.819303142317238331e-01 8.150318896830359705e-01 0.000000000000000000e+00
8.267246492904728683e+00 1.947561766144361384e+00 1.000000000000000000e+00
8.450897245371624678e+00 1.886868756678993675e+00 1.000000000000000000e+00
7.671449741868294758e+00 1.939549533669281844e+00 1.000000000000000000e+00
8.122640260952410429e+00 1.651179243733668311e+00 1.000000000000000000e+00
8.248925985352626000e+00 1.842884361811302441e+00 1.000000000000000000e+00
9.575704672547733498e-01 9.600509673521919751e-01 0.000000000000000000e+00
6.439858114808465928e+00 5.258682842684917702e+00 2.000000000000000000e+00
8.786729205291807787e-01 1.083615917928705041e+00 0.000000000000000000e+00
8.026013347427271682e+00 2.132000855517959259e+00 1.000000000000000000e+00
1.076640666173813266e+00 1.256599275800670323e+00 0.000000000000000000e+00
6.334841321371222023e+00 4.971450493121905012e+00 2.000000000000000000e+00
7.940324019629866337e-01 1.047273908806343856e+00 0.000000000000000000e+00
1.036400416162269078e+00 1.030274526831100657e+00 0.000000000000000000e+00
6.312824436883364143e+00 5.332243830181683464e+00 2.000000000000000000e+00
7.920774700867913687e+00 2.160246466595876491e+00 1.000000000000000000e+00
5.734892138308894438e+00 4.873073928431401747e+00 2.000000000000000000e+00
9.712246671457577252e-01 8.668556553872746040e-01 0.000000000000000000e+00
6.333897280576421984e+00 4.732900089621063344e+00 2.000000000000000000e+00
6.228262872535260009e+00 4.918980309370209802e+00 2.000000000000000000e+00
8.571906848940611390e-01 9.222781671401867332e-01 0.000000000000000000e+00
8.060126388036840339e+00 1.750143374660455109e+00 1.000000000000000000e+00
9.598167880560976029e-01 1.079553320010727901e+00 0.000000000000000000e+00
9.484219486643387098e-01 1.006539528525137062e+00 0.000000000000000000e+00
6.572640292755983715e+00 5.149470488010962299e+00 2.000000000000000000e+00
6.132501451878540344e+00 4.811105821515385017e+00 2.000000000000000000e+00
1.164849449912076951e+00 8.647548264286002428e-01 0.000000000000000000e+00
8.294263063944161019e+00 1.839723046200527623e+00 1.000000000000000000e+00
1.196455885852397927e+00 8.267526047605953110e-01 0.000000000000000000e+00
8.088929315394004504e+00 2.212396711273705296e+00 1.000000000000000000e+00
6.460229275631308887e+00 4.993609862689083911e+00 2.000000000000000000e+00
5.717297171656727350e+00 5.431698718254741820e+00 2.000000000000000000e+00
5.780687394391032186e+00 5.270241887104244682e+00 2.000000000000000000e+00
7.647697680881952564e+00 2.282681338632282841e+00 1.000000000000000000e+00
6.107871446842739971e+00 5.390421280933182402e+00 2.000000000000000000e+00
6.075751992522243405e+00 4.711794633532324639e+00 2.000000000000000000e+00
5.864904167264938906e+00 4.389469668906137656e+00 2.000000000000000000e+00
9.815664661722027784e-01 8.596345848611397500e-01 0.000000000000000000e+00
6.646881678788765235e+00 5.322738628849196019e+00 2.000000000000000000e+00
8.169451892779953539e+00 1.723356733152028752e+00 1.000000000000000000e+00
9.622488688552863767e-01 1.057407276058654588e+00 0.000000000000000000e+00
7.654155161878459346e+00 2.179357155509264565e+00 1.000000000000000000e+00
1.307676016428616528e+00 1.087849300025857335e+00 0.000000000000000000e+00
6.182284269607208671e+00 5.020430159387048619e+00 2.000000000000000000e+00
5.782577431423123748e+00 4.889316235328722726e+00 2.000000000000000000e+00
8.009049365690108502e+00 2.507499371860115289e+00 1.000000000000000000e+00
5.839594286698336134e+00 4.456552943829887425e+00 2.000000000000000000e+00
8.112095162695421635e+00 2.281330874666063657e+00 1.000000000000000000e+00
8.203900089927719463e+00 1.929498524397259773e+00 1.000000000000000000e+00
6.345978724776698776e+00 5.364503872031999521e+00 2.000000000000000000e+00
9.701502724294412960e-01 1.279970706272818726e+00 0.000000000000000000e+00
8.166969890341084337e+00 1.992425805140296990e+00 1.000000000000000000e+00
7.633986606604851843e+00 1.961377201547367832e+00 1.000000000000000000e+00
6.505905857804513914e+00 4.082645927467200231e+00 2.000000000000000000e+00
6.416153764970436768e+00 4.188550032809407853e+00 2.000000000000000000e+00
9.873237958893055222e-01 9.553957175839744576e-01 0.000000000000000000e+00
5.789823481481501055e+00 4.772977481339448325e+00 2.000000000000000000e+00
7.556351002943791251e+00 1.921942584655546904e+00 1.000000000000000000e+00
5.846607617842709104e+00 4.992736358440551747e+00 2.000000000000000000e+00
5.975361021798862637e+00 4.787387564323533518e+00 2.000000000000000000e+00
1.261965263384195790e+00 8.837394569389848131e-01 0.000000000000000000e+00
6.747093045619432239e+00 4.990562463750939592e+00 2.000000000000000000e+00
5.703391611752600454e+00 5.274716626585580492e+00 2.000000000000000000e+00
7.851884678711682497e+00 1.423773015557465493e+00 1.000000000000000000e+00
7.997066446405860951e+00 1.822374831333261280e+00 1.000000000000000000e+00
8.830269689042591352e+00 1.849943667405671288e+00 1.000000000000000000e+00
5.733357858297543075e+00 4.664163861986772908e+00 2.000000000000000000e+00
8.384801752413766351e+00 1.712823942590763426e+00 1.000000000000000000e+00
6.382657321556065355e+00 4.738821503605349150e+00 2.000000000000000000e+00
6.135772390215111116e+00 5.514320697732238763e+00 2.000000000000000000e+00
7.783792514633603332e+00 2.152187270585425694e+00 1.000000000000000000e+00
1.127992327873559963e+00 9.790432404338391681e-01 0.000000000000000000e+00
6.118820731949145220e+00 5.102525893988199890e+00 2.000000000000000000e+00
9.286940687293027130e-01 1.071641527272633621e+00 0.000000000000000000e+00
1.003279425493982968e+00 9.296989275583162904e-01 0.000000000000000000e+00
8.504470306705476101e-01 9.839809019831162740e-01 0.000000000000000000e+00
8.124317274661494892e+00 2.059333174834899083e+00 1.000000000000000000e+00
7.946336539443493940e+00 2.255312031524725480e+00 1.000000000000000000e+00
6.250437874769851021e+00 5.570817188928130825e+00 2.000000000000000000e+00
9.510250752882724035e-01 7.985986315933846225e-01 0.000000000000000000e+00
7.952362925584637310e+00 2.058334781565030358e+00 1.000000000000000000e+00
5.877817206195868671e+00 5.083665646970655594e+00 2.000000000000000000e+00
7.822336057329803971e+00 2.282782150106240415e+00 1.000000000000000000e+00
5.368619731139434137e+00 5.094394596383419405e+00 2.000000000000000000e+00
8.338431246573171363e-01 9.973422523134786166e-01 0.000000000000000000e+00
8.083278637617874907e+00 1.491865052794603130e+00 1.000000000000000000e+00
5.609761373531574336e+00 4.544314340894413107e+00 2.000000000000000000e+00
1.054949802181008645e+00 8.433115927138312706e-01 0.000000000000000000e+00
8.025097930599887519e+00 2.080331458365646924e+00 1.000000000000000000e+00
9.181338748026148799e-01 9.701743205666655268e-01 0.000000000000000000e+00
1.195930909770317241e+00 9.093095546253435746e-01 0.000000000000000000e+00
8.566862106439465663e-01 1.087886564665392353e+00 0.000000000000000000e+00
5.489582421222612751e+00 5.332983634367980841e+00 2.000000000000000000e+00
6.048607606087659683e+00 4.578564527615603730e+00 2.000000000000000000e+00
8.153681568956862691e+00 1.912753952271111890e+00 1.000000000000000000e+00
8.170244731828512741e+00 2.440652225354162042e+00 1.000000000000000000e+00
7.785625793815056817e+00 1.766454539213012653e+00 1.000000000000000000e+00
8.233786944897769189e+00 2.453131953779385199e+00 1.000000000000000000e+00
8.322797225712719182e+00 1.970888962932084043e+00 1.000000000000000000e+00
5.921102971174672547e+00 4.896019402571639034e+00 2.000000000000000000e+00
6.337710847904369338e+00 5.848507316742580286e+00 2.000000000000000000e+00
8.169825286237415440e+00 2.356886737831836331e+00 1.000000000000000000e+00
6.011923051893847791e+00 5.002925706965118735e+00 2.000000000000000000e+00
7.740677707661253848e+00 1.768864697105988038e+00 1.000000000000000000e+00
6.063609360440335827e+00 5.053330972561616896e+00 2.000000000000000000e+00
1.151519076600208580e+00 1.138002689987164473e+00 0.000000000000000000e+00
6.538082932705848727e+00 5.551524206051757560e+00 2.000000000000000000e+00
5.853098745530506797e+00 4.570875513566099002e+00 2.000000000000000000e+00
8.849035260502398081e-01 1.101185606043400655e+00 0.000000000000000000e+00
6.165036993830550038e+00 5.462146269456137126e+00 2.000000000000000000e+00
5.943916659473608810e+00 5.252798043272150608e+00 2.000000000000000000e+00
5.781852002200968954e+00 4.817873640502156718e+00 2.000000000000000000e+00
7.811084308724508318e+00 2.462859473643377317e+00 1.000000000000000000e+00
1.034874183876810738e+00 1.102382711029672668e+00 0.000000000000000000e+00
7.651392774016141374e-01 1.152073370045755940e+00 0.000000000000000000e+00
5.243780198495116451e+00 5.142329477271988303e+00 2.000000000000000000e+00
8.043791932304516834e+00 1.986629076816210926e+00 1.000000000000000000e+00
5.964516726579749850e+00 4.883726262206352864e+00 2.000000000000000000e+00
1.019256548523391759e+00 1.264062277536298406e+00 0.000000000000000000e+00
5.849230591212705832e+00 5.330499655219750998e+00 2.000000000000000000e+00
1.242542439828595136e+00 1.075411132299985528e+00 0.000000000000000000e+00
7.610764610533742314e+00 1.846889467928913842e+00 1.000000000000000000e+00
8.641363195179195600e+00 1.883971273587948581e+00 1.000000000000000000e+00
6.029849043762701477e+00 5.074665244289178645e+00 2.000000000000000000e+00
9.540693981057442041e-01 1.124196196391086922e+00 0.000000000000000000e+00
1.095487511412194692e+00 1.211388008404601146e+00 0.000000000000000000e+00
8.275559183146334874e+00 1.692606436613392829e+00 1.000000000000000000e+00
7.420908288070715564e-01 1.008568149412313764e+00 0.000000000000000000e+00
5.993239397659347212e+00 5.094289108481701689e+00 2.000000000000000000e+00
8.076832766761764759e+00 2.017008008667103169e+00 1.000000000000000000e+00
5.856424113254917074e+00 4.841216506346950332e+00 2.000000000000000000e+00
1.014313763078688702e+00 1.138217510298926705e+00 0.000000000000000000e+00
8.150758977531674887e+00 2.078607983438117923e+00 1.000000000000000000e+00
6.030812633643708232e+00 4.740383918974111488e+00 2.000000000000000000e+00
6.078816302004877770e+00 5.187484706279436253e+00 2.000000000000000000e+00
7.899383093857595739e+00 1.630775254703629829e+00 1.000000000000000000e+00
7.953389682179029307e+00 1.911189621625759560e+00 1.000000000000000000e+00
6.146426670821759863e+00 5.255305075823345717e+00 2.000000000000000000e+00
7.939824874562003032e+00 1.786082151901375425e+00 1.000000000000000000e+00
8.201097951497220429e-01 1.129501797631603299e+00 0.000000000000000000e+00
6.595432237870076264e+00 5.051660852595382778e+00 2.000000000000000000e+00
8.324034477047083103e-01 1.035162354672563900e+00 0.000000000000000000e+00
5.288487291800070267e+00 4.843087420531266396e+00 2.000000000000000000e+00
8.144719935187904047e-01 1.131375839147394924e+00 0.000000000000000000e+00
5.597597024150600120e+00 5.148967902863862633e+00 2.000000000000000000e+00
6.323314589172388089e+00 4.141137824384056643e+00 2.000000000000000000e+00
8.065468869735084922e+00 1.853242748711299015e+00 1.000000000000000000e+00
5.593844882145696751e+00 5.533083849874794069e+00 2.000000000000000000e+00
8.203585782287230899e+00 2.195117482439593815e+00 1.000000000000000000e+00
1.028637322700119983e+00 1.315038270471826198e+00 0.000000000000000000e+00
9.109984368636371288e-01 1.076546139511788347e+00 0.000000000000000000e+00
8.214502863022770995e+00 1.660300789724517667e+00 1.000000000000000000e+00
5.905069949707908883e+00 5.652019581420715255e+00 2.000000000000000000e+00
6.944198161478807307e-01 7.086116227785317356e-01 0.000000000000000000e+00
5.423146478487338662e+00 4.522853205034202517e+00 2.000000000000000000e+00
8.120211528316291449e+00 2.027329590976358897e+00 1.000000000000000000e+00
6.352868463818591493e+00 3.944388805176745727e+00 2.000000000000000000e+00
1.098857469415031485e+00 7.558842489075614512e-01 0.000000000000000000e+00
7.924755961511165125e+00 2.201863979251317716e+00 1.000000000000000000e+00
7.454743008229512746e+00 2.150566281884634279e+00 1.000000000000000000e+00
8.348520260625107881e+00 1.852805098207869872e+00 1.000000000000000000e+00
5.738365805997140079e+00 4.794661846105890746e+00 2.000000000000000000e+00
5.911851730962470519e+00 4.535728623278123983e+00 2.000000000000000000e+00
1.320674210115922342e+00 8.821699004619646400e-01 0.000000000000000000e+00
7.759684100242372651e+00 1.635418884901711500e+00 1.000000000000000000e+00
5.793699615062112507e+00 5.154082076533078371e+00 2.000000000000000000e+00
1.233820831092978798e+00 1.016410404463814254e+00 0.000000000000000000e+00
5.795067388627800575e+00 5.520849548370576620e+00 2.000000000000000000e+00
8.274672125261780309e+00 2.288303155343680562e+00 1.000000000000000000e+00
8.105750802395819576e+00 1.966437858842420283e+00 1.000000000000000000e+00
7.892329843231512321e+00 1.850507864374940414e+00 1.000000000000000000e+00
7.969461496222079333e+00 1.829787106495670557e+00 1.000000000000000000e+00
5.913092958384576825e+00 5.490875534199973984e+00 2.000000000000000000e+00
7.802300011556208226e+00 2.305930552990027138e+00 1.000000000000000000e+00
1.050583140746268684e+00 1.151209814961364541e+00 0.000000000000000000e+00
7.900718579285964438e+00 2.221522480051747905e+00 1.000000000000000000e+00
9.484148936184411127e-01 8.499746215191226195e-01 0.000000000000000000e+00
7.699711086186637132e+00 1.925226258309713945e+00 1.000000000000000000e+00
9.310085753738969183e-01 1.096653049904548372e+00 0.000000000000000000e+00
9.941956736100923120e-01 7.576341467945058028e-01 0.000000000000000000e+00
5.872931292221857724e+00 4.498776540847882366e+00 2.000000000000000000e+00
1.130645470379836315e+00 9.237314298586898342e-01 0.000000000000000000e+00
5.885639407016385327e+00 5.989554927920877070e+00 2.000000000000000000e+00
7.333968515184465353e+00 1.893392845591619356e+00 1.000000000000000000e+00
7.969777672378415723e+00 1.934859852344412268e+00 1.000000000000000000e+00
9.566503985485276251e-01 9.412275640287927070e-01 0.000000000000000000e+00
9.733551706024673456e-01 7.734315437368646240e-01 0.000000000000000000e+00
9.207742371604816789e-01 8.390547066765744466e-01 0.000000000000000000e+00
7.523918101263850078e-01 8.664166623755427121e-01 0.000000000000000000e+00
5.924345697710164060e+00 5.291787584501883579e+00 2.000000000000000000e+00
7.950265637429025922e+00 2.075490011351536435e+00 1.000000000000000000e+00
1.126129233721165468e+00 9.845669173639693961e-01 0.000000000000000000e+00
5.938072204971120094e+00 4.208084635779038685e+00 2.000000000000000000e+00
7.806132391324019260e+00 2.474377701784837402e+00 1.000000000000000000e+00
1.042401356837262982e+00 8.760853852229020244e-01 0.000000000000000000e+00
9.656851256694756191e-01 1.242004206184467385e+00 0.000000000000000000e+00
8.911604321298358666e-01 8.698346983564614332e-01 0.000000000000000000e+00
8.131187623074206172e+00 1.880718948382666955e+00 1.000000000000000000e+00
8.407922878407699585e+00 2.215222810254607211e+00 1.000000000000000000e+00
7.999273637431114636e+00 1.984842424430189434e+00 1.000000000000000000e+00
8.151637100103323874e+00 1.815677593060017081e+00 1.000000000000000000e+00
9.098264799025924665e-01 1.083411026511607700e+00 0.000000000000000000e+00
8.153058130782012469e+00 2.186221134110163167e+00 1.000000000000000000e+00
5.575458760088177534e+00 5.271418060855206811e+00 2.000000000000000000e+00
9.069998734077806546e-01 1.104704805110832799e+00 0.000000000000000000e+00
8.827132475969798886e-01 9.343736525757128097e-01 0.000000000000000000e+00
7.680143460921619258e+00 1.664947706024124896e+00 1.000000000000000000e+00
8.251991619400143918e+00 2.098083727781077101e+00 1.000000000000000000e+00
7.691810131383035598e-01 9.328157222925822500e-01 0.000000000000000000e+00
8.108996549074102944e+00 1.828128151734956353e+00 1.000000000000000000e+00
5.684008890123676494e+00 5.203528249134509842e+00 2.000000000000000000e+00
1.175061274899994679e+00 9.940496949864277010e-01 0.000000000000000000e+00
6.022651080265643664e+00 5.194949629060374718e+00 2.000000000000000000e+00
1.093162405125851278e+00 1.143418255618704471e+00 0.000000000000000000e+00
8.170383404531451621e-01 1.367405297359209460e+00 0.000000000000000000e+00
5.727826574918418956e+00 5.274495608487479892e+00 2.000000000000000000e+00
7.954234503259506539e+00 1.944742774552915998e+00 1.000000000000000000e+00
5.523657079133405645e+00 4.878546517810945282e+00 2.000000000000000000e+00
9.398682712316610566e-01 1.123600842767561225e+00 0.000000000000000000e+00
7.950015151694680426e+00 2.001847245926545948e+00 1.000000000000000000e+00
6.066219563138784743e+00 5.428377603120914330e+00 2.000000000000000000e+00
8.126263438073024759e+00 1.933248955164521332e+00 1.000000000000000000e+00
6.758777974517554910e+00 5.261787165268240862e+00 2.000000000000000000e+00
7.976891920364603372e+00 1.940531183635791912e+00 1.000000000000000000e+00
1.285698806251147186e+00 1.166658504784075623e+00 0.000000000000000000e+00
6.179677727464613746e+00 5.302575596232896871e+00 2.000000000000000000e+00
7.995636262040955344e+00 2.182850629281266386e+00 1.000000000000000000e+00
5.777453655495701668e+00 5.088015705564920665e+00 2.000000000000000000e+00
1.144980887534358560e+00 1.106957357545490295e+00 0.000000000000000000e+00
1.328604959345460079e+00 7.155458615663361499e-01 0.000000000000000000e+00
6.640467183316505206e+00 4.501195339708167431e+00 2.000000000000000000e+00
8.077329450551165024e+00 2.729327190718277230e+00 1.000000000000000000e+00
7.905120621116529911e+00 1.746299077285332180e+00 1.000000000000000000e+00
8.231375303675596555e+00 1.885753035601615668e+00 1.000000000000000000e+00
5.625399097941372162e+00 4.960176452490188126e+00 2.000000000000000000e+00
1.067692602406025593e+00 7.473910021197645026e-01 0.000000000000000000e+00
5.111015608843014313e+00 4.688513471387636855e+00 2.000000000000000000e+00
1.117784037945203313e+00 9.002698349549179690e-01 0.000000000000000000e+00
6.532653018333624217e+00 5.070856574919892168e+00 2.000000000000000000e+00
9.365714557913836780e-01 1.012969660978643160e+00 0.000000000000000000e+00
6.073154298024512343e+00 4.382457171779249094e+00 2.000000000000000000e+00
8.407983962163756431e+00 1.899552791542028274e+00 1.000000000000000000e+00
1.172035056459922453e+00 9.925446131261985716e-01 0.000000000000000000e+00
8.159732329854952226e+00 1.883585066891541704e+00 1.000000000000000000e+00
1.119253914163726771e+00 9.438342521735169077e-01 0.000000000000000000e+00
9.382541255217275999e-01 1.191779212426258283e+00 0.000000000000000000e+00
5.810372499780189770e-01 1.290629322042411875e+00 0.000000000000000000e+00
8.049939888798157028e+00 2.233180353422023146e+00 1.000000000000000000e+00
5.844251749049429456e+00 4.574305142096251053e+00 2.000000000000000000e+00
6.337117583999147818e+00 4.312923726217990250e+00 2.000000000000000000e+00
5.666770574922912473e+00 4.602248414538806287e+00 2.000000000000000000e+00
8.106480044125703444e+00 2.012270099285407454e+00 1.000000000000000000e+00
1.116612880787329454e+00 9.821843241845366057e-01 0.000000000000000000e+00
6.105017940632268214e+00 4.802784481299279484e+00 2.000000000000000000e+00
6.280457662960101217e+00 5.138540692897652029e+00 2.000000000000000000e+00
7.503042617151344906e+00 2.215322128847862615e+00 1.000000000000000000e+00
7.613901054653325673e+00 1.613359740007835663e+00 1.000000000000000000e+00
7.942471484137183069e+00 1.877246391825222460e+00 1.000000000000000000e+00
7.905220097299790361e+00 2.449479841597027807e+00 1.000000000000000000e+00
1.168212656235349645e+00 1.061335080690524180e+00 0.000000000000000000e+00
5.634810137583709633e+00 5.181639279992920954e+00 2.000000000000000000e+00
7.892653506696746923e+00 1.881352533230147950e+00 1.000000000000000000e+00
1.117004070300794405e+00 9.055837593919330297e-01 0.000000000000000000e+00
5.960695320814431319e+00 5.281442997857165977e+00 2.000000000000000000e+00
5.433588723936508380e+00 5.651547785797121470e+00 2.000000000000000000e+00
5.721530685523806170e+00 4.751481607852431566e+00 2.000000000000000000e+00
6.225803428595002131e+00 5.448749640531262095e+00 2.000000000000000000e+00
8.033061944729945836e+00 1.859190848970635912e+00 1.000000000000000000e+00
7.841398822424788584e+00 1.868724151515265275e+00 1.000000000000000000e+00
5.973382161845739446e+00 4.885596872449559314e+00 2.000000000000000000e+00
5.841413267017723676e+00 4.740662830087774893e+00 2.000000000000000000e+00
1.067668440810189745e+00 8.957618648222140934e-01 0.000000000000000000e+00
1.160345743330189361e+00 1.006055714653425914e+00 0.000000000000000000e+00
6.268552769270596237e+00 4.481770883251906312e+00 2.000000000000000000e+00
8.136682566479105816e+00 1.880654584441834754e+00 1.000000000000000000e+00
6.227140762107017835e+00 4.794954688419235111e+00 2.000000000000000000e+00
5.755500268282551346e+00 4.184835607150548142e+00 2.000000000000000000e+00
6.202164317520099779e+00 5.098080204500483603e+00 2.000000000000000000e+00
5.537144960030212282e+00 5.211002050800570551e+00 2.000000000000000000e+00
6.405653723602034333e+00 4.595469904979363029e+00 2.000000000000000000e+00
1.236320186285857048e+00 1.180991184705335151e+00 0.000000000000000000e+00
7.768282015197844004e+00 1.954394898409225645e+00 1.000000000000000000e+00
9.724899704019963620e-01 1.165150030400272207e+00 0.000000000000000000e+00
6.221728104772507706e+00 4.407694107902365488e+00 2.000000000000000000e+00
7.733030855878361365e+00 1.980830159323567097e+00 1.000000000000000000e+00
8.005292957147037924e+00 2.107164684908471308e+00 1.000000000000000000e+00
1.009112529369925904e+00 1.031668713251157499e+00 0.000000000000000000e+00
9.841982931238686394e-01 1.094529350602736706e+00 0.000000000000000000e+00
9.834329460374025000e-01 9.073956904431458304e-01 0.000000000000000000e+00
1.122406552648609113e+00 9.081389540306764596e-01 0.000000000000000000e+00
5.247134895678614797e+00 5.047705351879595348e+00 2.000000000000000000e+00
5.921748789390672840e+00 4.625017041864654566e+00 2.000000000000000000e+00
9.686658649937832655e-01 1.087993478677329540e+00 0.000000000000000000e+00
8.357632231388437694e-01 1.025407364958800249e+00 0.000000000000000000e+00
5.728436811609846302e+00 4.648040972315409469e+00 2.000000000000000000e+00
8.304485225200336274e+00 1.514829758908776691e+00 1.000000000000000000e+00
9.707413988686148798e-01 1.120809013634827211e+00 0.000000000000000000e+00
1.102600199227292910e+00 9.469885025699478209e-01 0.000000000000000000e+00
7.779952733864605285e+00 1.995249869613170857e+00 1.000000000000000000e+00
5.083948466964223201e+00 4.364845519351457703e+00 2.000000000000000000e+00
5.518090935647944839e+00 4.854204329044134347e+00 2.000000000000000000e+00
8.164634217889949142e+00 2.249725412248320122e+00 1.000000000000000000e+00
7.845813393734708541e+00 1.996673944673125867e+00 1.000000000000000000e+00
9.941232615685754448e-01 9.656868743169680913e-01 0.000000000000000000e+00
6.076327474225159619e+00 4.888764551789826385e+00 2.000000000000000000e+00
5.986531138200327007e+00 4.831045598172058142e+00 2.000000000000000000e+00
6.499079709624142609e+00 5.510418417863371943e+00 2.000000000000000000e+00
8.251421670077803583e+00 2.088391804000657270e+00 1.000000000000000000e+00
6.305402646406103706e+00 5.108535908646095081e+00 2.000000000000000000e+00
1.129811144398701783e+00 6.547691954679575321e-01 0.000000000000000000e+00
6.104938820621351958e+00 4.350175502221576451e+00 2.000000000000000000e+00
7.085014891497470879e-01 1.052874154655399908e+00 0.000000000000000000e+00
8.129138116510592482e+00 1.935651250873292595e+00 1.000000000000000000e+00
1.199718566888138715e+00 9.569038204785971224e-01 0.000000000000000000e+00
6.576992881498462395e+00 5.510570623768194842e+00 2.000000000000000000e+00
1.119709569294841556e+00 9.847101941104600131e-01 0.000000000000000000e+00
8.126996084153844890e+00 1.918991917744998332e+00 1.000000000000000000e+00
7.885070579740482977e+00 2.426370879438860761e+00 1.000000000000000000e+00
1.135128392389661789e+00 8.974408211238500410e-01 0.000000000000000000e+00
1.104004933849057624e+00 8.862899007165652154e-01 0.000000000000000000e+00
7.526183263130883816e+00 2.022432279361162877e+00 1.000000000000000000e+00
8.023749027517290244e+00 2.020187747155754998e+00 1.000000000000000000e+00
7.755556749616758339e+00 2.042989283041897863e+00 1.000000000000000000e+00
9.336656080730241225e-01 1.048529103040214849e+00 0.000000000000000000e+00
1.055868527726716355e+00 9.777265295410909607e-01 0.000000000000000000e+00
6.003749349319706496e+00 5.190443429255643615e+00 2.000000000000000000e+00
8.040141247935627788e+00 1.969962506092812760e+00 1.000000000000000000e+00
8.143240681489189114e+00 2.114486769077435380e+00 1.000000000000000000e+00
1.023439577540512513e+00 9.714668462372707536e-01 0.000000000000000000e+00
7.934699520135872319e+00 2.215815849734353638e+00 1.000000000000000000e+00
6.102750230536889475e+00 4.873508648812701516e+00 2.000000000000000000e+00
6.004002799904395893e+00 5.500826479244922851e+00 2.000000000000000000e+00
9.666378957205137290e-01 1.220524051573861124e+00 0.000000000000000000e+00
1.156013372973114350e+00 8.622339942549961389e-01 0.000000000000000000e+00
7.190258533547047026e-01 1.138092267708243455e+00 0.000000000000000000e+00
6.293836977975175273e+00 4.770534159498779125e+00 2.000000000000000000e+00
9.600672240994566620e-01 1.004892182004003764e+00 0.000000000000000000e+00
1.147742750757881680e+00 1.160687864176883632e+00 0.000000000000000000e+00
7.932907173969855563e+00 1.967081093428245442e+00 1.000000000000000000e+00
6.050745564450386915e+00 5.706342648319127520e+00 2.000000000000000000e+00
9.437792969046020497e-01 8.875045574086500855e-01 0.000000000000000000e+00
5.557816670626743338e+00 4.536512773986888902e+00 2.000000000000000000e+00
6.571646673352662837e+00 5.090559873009292247e+00 2.000000000000000000e+00
8.082372491690369642e+00 1.926855266160022895e+00 1.000000000000000000e+00
7.910621446495246900e+00 2.130663793524530725e+00 1.000000000000000000e+00
9.377729648067646417e-01 1.067791905598183488e+00 0.000000000000000000e+00
5.999038411495209111e+00 5.467299464701520506e+00 2.000000000000000000e+00
1.308193615377717389e+00 1.008011430519752283e+00 0.000000000000000000e+00
1.067523326915076787e+00 1.264800265077860697e+00 0.000000000000000000e+00
6.379745498239318691e-01 7.333650436291019314e-01 0.000000000000000000e+00
9.581353417685064544e-01 1.243427362893100074e+00 0.000000000000000000e+00
6.018823841549478360e+00 4.839146358389671221e+00 2.000000000000000000e+00
5.778593450163650225e+00 4.926553568015578755e+00 2.000000000000000000e+00
7.762272687237307345e+00 1.823912417119135210e+00 1.000000000000000000e+00
7.543825610487487898e-01 1.593790405605694627e+00 0.000000000000000000e+00
5.945072726556011489e+00 5.383896851749649493e+00 2.000000000000000000e+00
8.398616157955554939e+00 1.776139619012520043e+00 1.000000000000000000e+00
1.211131000036184346e+00 1.019365236956608856e+00 0.000000000000000000e+00
8.994006570566454029e-01 1.056634567948137926e+00 0.000000000000000000e+00
6.226581290547992253e+00 5.485388957879365535e+00 2.000000000000000000e+00
7.961690959558227476e+00 1.391872871838221837e+00 1.000000000000000000e+00
7.796113162198813562e+00 1.817518346928090223e+00 1.000000000000000000e+00
8.344969975267737539e+00 1.960789347371307834e+00 1.000000000000000000e+00
8.027007704328086746e+00 2.007354404742691223e+00 1.000000000000000000e+00
1.120279154780701614e+00 1.006985094763621857e+00 0.000000000000000000e+00
5.498089244866770642e+00 5.219417207089603217e+00 2.000000000000000000e+00
6.353181591935252115e+00 5.039190440623785072e+00 2.000000000000000000e+00
1.174215997251158994e+00 9.958705920598033279e-01 0.000000000000000000e+00
7.487949885314805876e+00 2.120970912335330638e+00 1.000000000000000000e+00
7.371268843898555190e+00 2.203656253746072213e+00 1.000000000000000000e+00
8.114945425052546568e+00 1.948417271988780008e+00 1.000000000000000000e+00
9.106498178634564455e-01 9.536318022037206799e-01 0.000000000000000000e+00
8.207473594357777458e+00 2.206947857073057850e+00 1.000000000000000000e+00
1.084414164492853994e+00 1.036110563835659804e+00 0.000000000000000000e+00
7.463888988317886941e+00 1.907609393665641750e+00 1.000000000000000000e+00
8.251023276150371899e+00 2.218251459328882902e+00 1.000000000000000000e+00
5.449074301203193471e+00 5.035207696187904425e+00 2.000000000000000000e+00
1.047345242086240802e+00 6.966698176263995679e-01 0.000000000000000000e+00
8.868403088505021348e-01 1.187930223284993092e+00 0.000000000000000000e+00
7.798455447011635400e+00 2.012265423093275718e+00 1.000000000000000000e+00
6.095839481733299259e+00 4.940470753059953424e+00 2.000000000000000000e+00
8.072696986617176051e+00 1.890486373128094089e+00 1.000000000000000000e+00
7.909346978105685544e+00 1.628710887168636434e+00 1.000000000000000000e+00
8.037342489528722211e+00 2.145521846870835692e+00 1.000000000000000000e+00
7.995545612736515650e+00 1.849965300191096729e+00 1.000000000000000000e+00
9.611525719899201015e-01 1.028393979633798638e+00 0.000000000000000000e+00
6.664006240585058194e+00 4.516513096407345884e+00 2.000000000000000000e+00
8.037504069681951080e+00 2.115883580432916578e+00 1.000000000000000000e+00
1.275207643997453122e+00 1.084657428324147022e+00 0.000000000000000000e+00
7.722045477306119565e+00 1.703362074763747902e+00 1.000000000000000000e+00
7.236558904893423794e+00 2.119963092788454517e+00 1.000000000000000000e+00
6.165477551289659353e+00 5.368972462472518359e+00 2.000000000000000000e+00
8.135661323641578235e+00 1.510457728600247407e+00 1.000000000000000000e+00
9.156541853471364956e-01 1.293231711251355165e+00 0.000000000000000000e+00
6.719066166694857678e+00 4.792951812406645473e+00 2.000000000000000000e+00
5.898103740221981361e+00 5.212700336965300885e+00 2.000000000000000000e+00
1.006550348976758436e+00 9.660528636229592792e-01 0.000000000000000000e+00
1.025480388302135726e+00 8.253988043258196905e-01 0.000000000000000000e+00
9.741357688674345816e-01 8.683212373117942251e-01 0.000000000000000000e+00
6.047636562359915757e+00 5.375525884298877344e+00 2.000000000000000000e+00
9.516374193979738605e-01 9.423918467997376425e-01 0.000000000000000000e+00
1.034514210304657400e+00 1.114301677046803718e+00 0.000000000000000000e+00
8.151600986075958843e+00 2.573429403089294354e+00 1.000000000000000000e+00
1.005241538404560986e+00 1.218087637241322518e+00 0.000000000000000000e+00
7.676185528679727810e+00 2.018580138420658088e+00 1.000000000000000000e+00
8.222259839175524831e+00 2.456204696647496633e+00 1.000000000000000000e+00
1.002611411245000639e+00 8.316971906879667698e-01 0.000000000000000000e+00
9.422751626750813791e-01 1.218716235791428071e+00 0.000000000000000000e+00
5.590863529320268199e+00 4.335187915132491909e+00 2.000000000000000000e+00
7.972775383290489515e+00 2.234388710716936455e+00 1.000000000000000000e+00
8.099470106220461929e+00 1.750997277727900148e+00 1.000000000000000000e+00
6.786299906383947977e-01 8.754746703965937682e-01 0.000000000000000000e+00
5.625494083554811731e+00 5.214883047427937512e+00 2.000000000000000000e+00
8.140409524130850727e+00 2.378687595620562867e+00 1.000000000000000000e+00
6.065126080989673873e+00 4.934159108299161822e+00 2.000000000000000000e+00
9.371593153482815630e-01 9.281222627308891582e-01 0.000000000000000000e+00
1.248970326566480660e+00 1.111306624086600303e+00 0.000000000000000000e+00
7.737733063707845638e+00 2.079164723789163727e+00 1.000000000000000000e+00
8.390604882373240869e+00 1.782299611847984799e+00 1.000000000000000000e+00
6.124131170238571897e+00 4.721377162676635209e+00 2.000000000000000000e+00
8.035027470326188137e+00 1.645212805713878179e+00 1.000000000000000000e+00
7.946503054609618033e+00 2.286481838533580557e+00 1.000000000000000000e+00
5.992174219792002710e+00 4.509835508006459825e+00 2.000000000000000000e+00
5.541270902031111945e+00 4.824754448684372754e+00 2.000000000000000000e+00
7.928403771151206314e+00 1.782278087587009674e+00 1.000000000000000000e+00
5.774994241778128590e+00 5.292270427876402117e+00 2.000000000000000000e+00
1.111503481527079451e+00 7.735640973663935327e-01 0.000000000000000000e+00
8.708025458835937371e-01 1.101206728853195926e+00 0.000000000000000000e+00
1.217714389088640381e+00 9.072944728477632115e-01 0.000000000000000000e+00
7.901780772000285280e-01 1.012265172820842496e+00 0.000000000000000000e+00
1.076939473062701325e+00 9.552860747345925940e-01 0.000000000000000000e+00
5.806911914666145869e+00 4.889178925095088779e+00 2.000000000000000000e+00
8.024028535584880828e+00 2.038013085233357113e+00 1.000000000000000000e+00
9.946948112681933685e-01 1.316590758040106390e+00 0.000000000000000000e+00
1.132873869844886139e+00 1.028479247407464436e+00 0.000000000000000000e+00
5.739024582615417813e+00 5.016817747333262467e+00 2.000000000000000000e+00
1.126924097137754988e+00 8.710726088752021035e-01 0.000000000000000000e+00
6.407867404398722933e+00 5.068825853238416279e+00 2.000000000000000000e+00
8.288815438854538087e+00 2.086514436571168307e+00 1.000000000000000000e+00
8.125357397473331744e+00 1.880346481534703962e+00 1.000000000000000000e+00
6.353700798954139195e+00 5.072530481104025490e+00 2.000000000000000000e+00
6.300141643756638210e+00 5.048259703768439799e+00 2.000000000000000000e+00
8.088467606720710634e+00 1.953261245866812601e+00 1.000000000000000000e+00
6.577007926967879392e+00 5.151476569872088795e+00 2.000000000000000000e+00
7.478402358635868552e+00 2.090450410142761672e+00 1.000000000000000000e+00
1.156749161451084529e+00 1.091277204772727494e+00 0.000000000000000000e+00
7.151781911021057869e-01 8.324333961341331412e-01 0.000000000000000000e+00
5.627974933169677563e+00 4.910878427087038922e+00 2.000000000000000000e+00
8.166019886881842993e+00 1.672168904497626674e+00 1.000000000000000000e+00
7.790987629986903862e+00 2.026898734542128544e+00 1.000000000000000000e+00
1.111083467664441216e+00 8.569449097288097672e-01 0.000000000000000000e+00
7.488706288571602698e-01 1.123754473665847797e+00 0.000000000000000000e+00
1.135238608088919410e+00 1.075374150835280318e+00 0.000000000000000000e+00
6.326770369873109701e+00 4.382678849487048112e+00 2.000000000000000000e+00
8.374101327840053344e+00 2.417682305427731215e+00 1.000000000000000000e+00
5.613874278804419582e+00 4.618657115537935454e+00 2.000000000000000000e+00
6.404934209609308482e+00 5.189186606435614024e+00 2.000000000000000000e+00
6.001668741121709338e+00 5.193988388968066694e+00 2.000000000000000000e+00
8.694987665213722572e-01 1.055378570432031093e+00 0.000000000000000000e+00
1.020107229483193434e+00 1.180308229329955827e+00 0.000000000000000000e+00
5.489356314354557398e+00 5.333391736451023490e+00 2.000000000000000000e+00
7.422990371592924852e+00 2.081767101892341820e+00 1.000000000000000000e+00
5.851225158485545030e+00 5.580439768932774491e+00 2.000000000000000000e+00
6.522627980228918432e+00 4.674974503617226773e+00 2.000000000000000000e+00
5.586627985791770890e+00 5.258318789875755961e+00 2.000000000000000000e+00
1.213542164402348078e+00 1.135599876100529038e+00 0.000000000000000000e+00
1.244147612972335892e+00 1.050701754486171424e+00 0.000000000000000000e+00
7.949326523073134254e+00 2.036412954321622060e+00 1.000000000000000000e+00
6.739838315691804915e+00 5.113593730575175300e+00 2.000000000000000000e+00
1.169744408117713963e+00 1.227972522463329774e+00 0.000000000000000000e+00
1.064428921003294670e+00 9.089502402699930483e-01 0.000000000000000000e+00
1.055084772082579780e+00 1.184934878856435558e+00 0.000000000000000000e+00
5.842728953356662203e+00 5.379837962129480289e+00 2.000000000000000000e+00
1.007621163216404270e+00 9.044506530145970391e-01 0.000000000000000000e+00
7.990929677861574376e+00 1.791901163077827652e+00 1.000000000000000000e+00
8.479948071607022797e+00 1.652076530986491543e+00 1.000000000000000000e+00
8.241005658054355365e+00 2.110239000170111012e+00 1.000000000000000000e+00
7.808049063493859521e+00 1.908865487573340625e+00 1.000000000000000000e+00
7.990795585870743345e+00 2.028092122198054792e+00 1.000000000000000000e+00
1.219133857069461646e+00 1.088870920213602878e+00 0.000000000000000000e+00
5.805306210984306325e+00 4.089775366810417090e+00 2.000000000000000000e+00
8.232813919692029359e+00 2.237452203802832162e+00 1.000000000000000000e+00
6.669224061287983396e+00 4.954380323701298217e+00 2.000000000000000000e+00
1.099252161469897349e+00 1.147952827031809564e+00 0.000000000000000000e+00
6.465677140318200067e+00 4.996468581075214743e+00 2.000000000000000000e+00
8.096400573086080854e+00 2.179572683938585609e+00 1.000000000000000000e+00
8.079538549919671908e+00 1.995192091475590734e+00 1.000000000000000000e+00
1.216431539274446472e+00 9.190477656696260933e-01 0.000000000000000000e+00
1.024005560417174499e+00 1.131425338167433736e+00 0.000000000000000000e+00
6.461904069190174127e+00 5.319882785207690645e+00 2.000000000000000000e+00
5.509791943665971914e+00 5.542363098623941831e+00 2.000000000000000000e+00
8.043513616540431954e+00 2.044486389490402622e+00 1.000000000000000000e+00
9.154316898126545476e-01 1.013452961098388450e+00 0.000000000000000000e+00
8.132790948364055694e+00 2.001000210493844023e+00 1.000000000000000000e+00
8.323387405165826536e+00 1.890250584083430496e+00 1.000000000000000000e+00
7.762890085886550828e+00 1.894130425693616004e+00 1.000000000000000000e+00
6.325569371939135266e+00 5.142022645319991980e+00 2.000000000000000000e+00
8.052088230363562360e+00 1.817912478638156859e+00 1.000000000000000000e+00
8.269764263737682697e+00 1.828292093555402786e+00 1.000000000000000000e+00
9.534824839722909617e-01 6.347743353839292446e-01 0.000000000000000000e+00
6.158449767782727235e+00 5.543747827546737561e+00 2.000000000000000000e+00
1.147950278173186289e+00 1.032030085200316361e+00 0.000000000000000000e+00
7.769230510728917238e+00 1.967451197949581010e+00 1.000000000000000000e+00
7.807894592916840848e-01 9.225478137030966863e-01 0.000000000000000000e+00
1.060523746268619893e+00 1.089036778485560131e+00 0.000000000000000000e+00
6.176877204529393595e+00 5.180202693249545298e+00 2.000000000000000000e+00
6.028196129710730489e+00 5.321096918240783680e+00 2.000000000000000000e+00
9.896006954964275959e-01 9.837411899239689728e-01 0.000000000000000000e+00
5.837831711257283729e+00 5.103935078715058360e+00 2.000000000000000000e+00
6.206672853170107196e+00 5.377081798669233415e+00 2.000000000000000000e+00
7.682384805903629932e+00 2.070748883452750544e+00 1.000000000000000000e+00
1.174050785499065386e+00 1.055423907456358501e+00 0.000000000000000000e+00
8.072154178919200618e+00 2.014576845686021134e+00 1.000000000000000000e+00
5.300432619539332535e+00 5.074559004238199833e+00 2.000000000000000000e+00
9.482519184767530529e-01 9.653740385296796234e-01 0.000000000000000000e+00
8.330673496277160694e+00 2.048543754073444134e+00 1.000000000000000000e+00
5.022994586727358879e+00 5.701946551560792997e+00 2.000000000000000000e+00
7.921359034520678577e+00 1.663747494932906079e+00 1.000000000000000000e+00
8.179554095640463984e+00 1.813456572335663264e+00 1.000000000000000000e+00
6.151676123236571314e+00 4.919515392073939175e+00 2.000000000000000000e+00
6.659331052224978231e-01 7.450999592916556225e-01 0.000000000000000000e+00
6.480666359294138701e+00 4.815403190061549488e+00 2.000000000000000000e+00
8.344939547901553567e+00 2.150612725309902551e+00 1.000000000000000000e+00
8.077454189651872341e+00 2.262830191962187598e+00 1.000000000000000000e+00
8.161981203078228830e+00 1.662087653670581311e+00 1.000000000000000000e+00
5.618662748214482860e+00 5.188698377724696442e+00 2.000000000000000000e+00
7.643916581204749150e+00 2.323545578314793580e+00 1.000000000000000000e+00
7.682785260206550504e+00 2.439689837520958360e+00 1.000000000000000000e+00
8.187834308790121085e+00 2.035098859111837744e+00 1.000000000000000000e+00
5.559577528950955916e+00 4.778172781206159847e+00 2.000000000000000000e+00
1.098187022888005071e+00 9.923217328588503916e-01 0.000000000000000000e+00
1.027155811653680528e+00 1.166076317642359417e+00 0.000000000000000000e+00
5.755766534955644609e+00 4.797585999043075589e+00 2.000000000000000000e+00
6.240339020985907759e-01 6.828754117124761214e-01 0.000000000000000000e+00
6.153384487556136762e+00 4.852616090226964829e+00 2.000000000000000000e+00
5.952269621585225323e+00 4.520751858175336757e+00 2.000000000000000000e+00
1.015933408605282695e+00 7.711479525655963174e-01 0.000000000000000000e+00
5.610689998427757175e+00 5.255900879345497323e+00 2.000000000000000000e+00
7.990905339058976153e+00 2.475194829930956519e+00 1.000000000000000000e+00
9.796034010849116180e-01 8.804095321760305737e-01 0.000000000000000000e+00
6.171226717814771945e+00 4.609108709967312478e+00 2.000000000000000000e+00
8.145082528150807022e+00 1.756683103687689984e+00 1.000000000000000000e+00
1.102010475981715754e+00 9.520297601651993569e-01 0.000000000000000000e+00
7.622230848022449656e+00 1.782144483601260543e+00 1.000000000000000000e+00
5.853875762043042386e+00 5.046123805181133015e+00 2.000000000000000000e+00
8.079742956430115086e+00 2.066216906446442625e+00 1.000000000000000000e+00
1.079419798652906382e+00 1.020655181499607878e+00 0.000000000000000000e+00
7.985158024362875473e+00 2.362247351039558740e+00 1.000000000000000000e+00
1.127992183293343276e+00 9.380456035433452078e-01 0.000000000000000000e+00
1.261721764632472098e+00 8.858189648657346371e-01 0.000000000000000000e+00
8.599128016560247945e-01 9.200469510874601520e-01 0.000000000000000000e+00
6.267414497016838837e+00 5.590539328104320305e+00 2.000000000000000000e+00
5.125625550009118570e+00 5.134525773576130270e+00 2.000000000000000000e+00
8.557568536950419968e+00 1.862809792711903611e+00 1.000000000000000000e+00
8.181387629519683458e+00 1.918948945128697181e+00 1.000000000000000000e+00
1.065724952093685562e+00 1.168349248248563788e+00 0.000000000000000000e+00
1.379248856020959701e+00 9.627047833426809476e-01 0.000000000000000000e+00
6.051286225467776170e+00 5.088150896138726509e+00 2.000000000000000000e+00
8.414281159510730745e+00 2.354418503249839922e+00 1.000000000000000000e+00
6.756159504400747196e+00 5.699647204863987682e+00 2.000000000000000000e+00
5.756390315046346018e+00 5.677996053218508976e+00 2.000000000000000000e+00
7.701034622418879927e+00 2.626495071329668196e+00 1.000000000000000000e+00
8.384134082005274990e+00 1.999906247810411042e+00 1.000000000000000000e+00
6.713571998852495781e+00 4.861297347855074946e+00 2.000000000000000000e+00
7.688066469773544576e+00 2.365566995693868524e+00 1.000000000000000000e+00
8.684077721622718293e-01 8.698319165690611143e-01 0.000000000000000000e+00
1.027984208648242692e+00 1.061507747081238406e+00 0.000000000000000000e+00
6.472229687391948261e+00 4.553710147365443106e+00 2.000000000000000000e+00
5.662720195284636659e+00 5.130641340777655657e+00 2.000000000000000000e+00
8.147509866040207882e+00 1.830154054250691331e+00 1.000000000000000000e+00
5.941893045606867929e+00 5.409124231014755146e+00 2.000000000000000000e+00
7.833829291855616272e-01 9.243301205580323199e-01 0.000000000000000000e+00
6.282069657568506216e+00 4.923156741517042079e+00 2.000000000000000000e+00
9.618730198588947289e-01 1.209976591372147858e+00 0.000000000000000000e+00
5.953903053098998477e+00 5.760316478689398778e+00 2.000000000000000000e+00
1.243136842843262091e+00 8.790722773926663569e-01 0.000000000000000000e+00
8.003612103754447205e+00 1.630104991345971976e+00 1.000000000000000000e+00
7.943309951957603587e+00 1.608873036547200819e+00 1.000000000000000000e+00
8.364131846618194643e+00 2.079159308925989436e+00 1.000000000000000000e+00
6.106256415674072180e+00 4.719724536151631789e+00 2.000000000000000000e+00
9.201648968652733629e-01 1.167720009507654311e+00 0.000000000000000000e+00
6.039671889310652020e+00 4.886340207585661233e+00 2.000000000000000000e+00
8.260009613633620518e+00 2.143316362131260089e+00 1.000000000000000000e+00
1.254071366993212200e+00 1.029530466887543794e+00 0.000000000000000000e+00
6.134059404415022065e+00 5.329463954592338126e+00 2.000000000000000000e+00
5.710310614954448916e+00 5.337366609104685189e+00 2.000000000000000000e+00
6.233306471660005954e+00 4.462486726922838542e+00 2.000000000000000000e+00
5.704630979221769316e+00 4.589306532783766990e+00 2.000000000000000000e+00
8.012579271536782954e+00 2.162580803563086462e+00 1.000000000000000000e+00
6.073931781406013641e+00 5.716679193000245185e+00 2.000000000000000000e+00
5.843384354544626902e+00 5.066004019332197572e+00 2.000000000000000000e+00
6.492593708130260488e+00 4.969895270417401534e+00 2.000000000000000000e+00
5.869753829443356885e+00 5.320466609922632095e+00 2.000000000000000000e+00
7.738616438155776045e+00 2.088821126751557511e+00 1.000000000000000000e+00
1.167157446516968733e+00 9.120214091767611109e-01 0.000000000000000000e+00
7.918484673559966325e+00 1.992272145598966038e+00 1.000000000000000000e+00
1.045025547993374104e+00 9.471625230259721473e-01 0.000000000000000000e+00
7.792963102702931799e+00 1.972317896489725442e+00 1.000000000000000000e+00
7.824587866959008764e+00 1.898157578706404003e+00 1.000000000000000000e+00
8.168154937030369211e+00 2.607219242380744539e+00 1.000000000000000000e+00
8.321326902160408601e-01 1.293411835555546396e+00 0.000000000000000000e+00
6.195136424482062587e+00 4.845070606615446529e+00 2.000000000000000000e+00
6.775545167546771275e+00 5.289266794973952024e+00 2.000000000000000000e+00
1.037319874208165515e+00 9.555038271443705433e-01 0.000000000000000000e+00
5.934330777811070767e+00 4.947870569799433405e+00 2.000000000000000000e+00
8.277154189497418102e+00 1.824269899272457751e+00 1.000000000000000000e+00
6.834541798463757090e+00 4.973925904619384220e+00 2.000000000000000000e+00
5.411763934530041453e+00 4.365886199848301175e+00 2.000000000000000000e+00
9.747701740382925806e-01 9.738729483538014486e-01 0.000000000000000000e+00
8.962508872412036087e-01 9.404869709716033865e-01 0.000000000000000000e+00
9.645344572280519779e-01 1.109172024999947270e+00 0.000000000000000000e+00
1.062595300746229432e+00 1.117715597652338522e+00 0.000000000000000000e+00
1.155823690278912075e+00 1.328046947046138682e+00 0.000000000000000000e+00
8.149803308864814966e+00 1.632440727744671749e+00 1.000000000000000000e+00
7.775329201670338364e+00 2.079914235486148399e+00 1.000000000000000000e+00
8.111274177586142997e+00 2.024528061555497693e+00 1.000000000000000000e+00
8.104898809387389491e+00 1.977230316268205002e+00 1.000000000000000000e+00
1.058966386728097619e+00 7.264120221062209115e-01 0.000000000000000000e+00
5.934937737832214566e+00 5.192297639443061996e+00 2.000000000000000000e+00
9.728619546882774083e-01 9.094119058310113912e-01 0.000000000000000000e+00
8.947983360614234494e-01 9.194165464186991876e-01 0.000000000000000000e+00
6.346002329543009246e+00 4.915010752484035628e+00 2.000000000000000000e+00
8.226522810235549210e-01 9.001368222701310318e-01 0.000000000000000000e+00
8.036691315846722361e+00 2.142951219716247468e+00 1.000000000000000000e+00
1.041474895723327521e+00 8.900092594157030801e-01 0.000000000000000000e+00
8.286222702966790088e-01 9.475985916380683660e-01 0.000000000000000000e+00
7.742300493060303879e+00 1.932015300078862463e+00 1.000000000000000000e+00
7.834527041265081593e+00 2.064757975448000771e+00 1.000000000000000000e+00
9.061986997801018129e-01 9.109235399118235099e-01 0.000000000000000000e+00
5.869442932689730164e+00 4.533693147269250545e+00 2.000000000000000000e+00
5.834493554339656995e+00 4.507527561325867183e+00 2.000000000000000000e+00
9.029624967617637665e-01 1.135223033747306598e+00 0.000000000000000000e+00
8.354268459616956966e-01 1.125795212084256480e+00 0.000000000000000000e+00
8.270273248255273657e+00 2.431097929987971806e+00 1.000000000000000000e+00
7.991002454568202573e+00 2.259259745443476852e+00 1.000000000000000000e+00
8.079464469775563984e+00 1.893333178990386889e+00 1.000000000000000000e+00
9.577395596401581113e-01 1.308453328479743938e+00 0.000000000000000000e+00
1.454628566855804550e+00 1.123687693755018646e+00 0.000000000000000000e+00
8.139700747046278551e+00 1.623777179055121866e+00 1.000000000000000000e+00
6.752623832657513425e+00 5.329653161334744205e+00 2.000000000000000000e+00
8.288149783752650990e+00 1.943941056969125336e+00 1.000000000000000000e+00
8.467171083038036450e-01 1.119179235940162442e+00 0.000000000000000000e+00
5.462039896571153186e+00 5.176367176716396123e+00 2.000000000000000000e+00
5.661915677118628309e+00 5.111542389973163125e+00 2.000000000000000000e+00
1.103886152130903353e+00 9.281991465376507877e-01 0.000000000000000000e+00
9.163757917320934920e-01 1.140875311629473199e+00 0.000000000000000000e+00
8.146654629650210921e+00 2.293794671889338943e+00 1.000000000000000000e+00
8.098607007503028754e+00 2.181380639563389678e+00 1.000000000000000000e+00
6.196321320444670988e+00 4.677419330920171703e+00 2.000000000000000000e+00
7.838377243304001318e+00 1.637752112869488741e+00 1.000000000000000000e+00
6.239174689102743976e+00 5.213003017544693307e+00 2.000000000000000000e+00
8.328223852882432610e+00 2.005839256892414380e+00 1.000000000000000000e+00
8.391671550274036662e+00 1.940562975463659079e+00 1.000000000000000000e+00
5.637170446353368725e+00 5.190829656844695883e+00 2.000000000000000000e+00
1.074281698596694090e+00 9.737945260386248192e-01 0.000000000000000000e+00
8.238623916636921507e+00 2.023936692777533519e+00 1.000000000000000000e+00
5.768844883233946064e+00 4.714104450948933156e+00 2.000000000000000000e+00
7.562648644567694589e+00 2.331480670872120520e+00 1.000000000000000000e+00
8.265081877289201628e+00 1.572208085093876884e+00 1.000000000000000000e+00
1.073850483390497379e+00 8.978982788486671307e-01 0.000000000000000000e+00
7.910193976072315003e+00 2.126345475688229403e+00 1.000000000000000000e+00
6.600981056569713346e+00 4.718503052546875409e+00 2.000000000000000000e+00
8.108749581065710643e+00 2.227605900750770918e+00 1.000000000000000000e+00
8.766299216643622660e-01 1.108256693816903837e+00 0.000000000000000000e+00
1.047855864408564708e+00 9.625944436783885338e-01 0.000000000000000000e+00
8.376130466666168672e+00 1.855393256867088558e+00 1.000000000000000000e+00
7.430675500834908576e+00 1.982593865136217826e+00 1.000000000000000000e+00
1.170065416350315690e+00 8.350163099028953262e-01 0.000000000000000000e+00
8.088650513028207811e+00 1.946906678627345011e+00 1.000000000000000000e+00
6.313572518409833911e+00 4.612627395541490927e+00 2.000000000000000000e+00
5.854373559543936345e+00 5.221079985346806396e+00 2.000000000000000000e+00
7.082429562081942187e-01 8.626863447652440842e-01 0.000000000000000000e+00
6.642554340938975344e+00 5.065551042948880145e+00 2.000000000000000000e+00
5.894674249330210003e+00 5.087958371230197230e+00 2.000000000000000000e+00
1.179837681985226094e+00 1.027773462622591616e+00 0.000000000000000000e+00
8.018062974788971786e+00 2.252446833736889698e+00 1.000000000000000000e+00
6.949182455863304853e+00 4.615647978604973112e+00 2.000000000000000000e+00
1.077312070267486099e+00 8.327693421451094480e-01 0.000000000000000000e+00
6.057823705285239058e+00 5.341703704328443436e+00 2.000000000000000000e+00
9.730581558022962652e-01 1.075258766401774757e+00 0.000000000000000000e+00
7.758246907247947632e+00 2.304429063968838065e+00 1.000000000000000000e+00
6.116034355675247447e+00 4.635380401292549024e+00 2.000000000000000000e+00
9.281264351820880387e-01 1.052525073824241764e+00 0.000000000000000000e+00
6.064986373815609788e+00 5.222958861578200107e+00 2.000000000000000000e+00
1.002574708956113225e+00 9.356286582647359573e-01 0.000000000000000000e+00
5.843086912647096121e+00 5.242441119072079658e+00 2.000000000000000000e+00
9.506422675988378534e-01 1.202065819700574689e+00 0.000000000000000000e+00
7.860166869219201713e-01 1.265193992246653965e+00 0.000000000000000000e+00
6.398360469248377314e+00 5.103403882630523469e+00 2.000000000000000000e+00
5.746136902126282919e+00 5.694543937109792786e+00 2.000000000000000000e+00
1.125400707915140242e+00 1.231503866620672571e+00 0.000000000000000000e+00
9.795332884155950603e-01 9.821418718337785458e-01 0.000000000000000000e+00
8.069788863408666302e+00 2.410138412138817188e+00 1.000000000000000000e+00
9.785206382489143317e-01 1.154947566842462692e+00 0.000000000000000000e+00
8.012480622016964205e+00 2.054869373443859004e+00 1.000000000000000000e+00
1.271580237118818513e+00 8.041409616163394114e-01 0.000000000000000000e+00
7.838685963562239678e-01 1.184837960624265385e+00 0.000000000000000000e+00
1.021246080649870880e+00 6.225544208551376801e-01 0.000000000000000000e+00
8.800678763962359596e-01 9.562608106748751169e-01 0.000000000000000000e+00
1.066204666535287338e+00 9.849767150074750788e-01 0.000000000000000000e+00
5.592173699289487487e+00 4.851103341318263595e+00 2.000000000000000000e+00
9.997162775742994834e-01 7.905069363106852487e-01 0.000000000000000000e+00
5.624616144303164589e+00 5.101514477524426994e+00 2.000000000000000000e+00
6.404936873970380695e+00 4.939506219836584222e+00 2.000000000000000000e+00
8.154912796499557137e-01 1.082580624396432212e+00 0.000000000000000000e+00
5.853745283776333075e+00 4.686092144754359090e+00 2.000000000000000000e+00
8.390553581932532756e-01 1.074273791680047552e+00 0.000000000000000000e+00
1.042838098788138712e+00 1.132771174640609280e+00 0.000000000000000000e+00
1.191063389523816518e+00 1.295065262388210181e+00 0.000000000000000000e+00
