# x1, x2, y
-9.670800143866682408e-01 -1.451095309694383939e+00 0.000000000000000000e+00
5.476031409320876620e+00 6.217119848919036684e+00 0.000000000000000000e+00
-4.366765414553802849e+00 -3.892808278243098385e+00 0.000000000000000000e+00
-4.433960869427912677e+00 -4.605678133955744435e+00 0.000000000000000000e+00
4.597145298864363738e+00 4.221667367489940759e+00 0.000000000000000000e+00
-6.731180375216901934e-01 -2.719651430181300178e-01 0.000000000000000000e+00
4.090104809876766723e-01 2.888004320544390602e-01 0.000000000000000000e+00
3.174880961777940325e+00 3.167864232122097778e+00 0.000000000000000000e+00
3.807135409851703400e+00 4.544001958159644694e+00 0.000000000000000000e+00
-4.723641206947541527e+00 -4.605154322725456773e+00 0.000000000000000000e+00
5.468057226410969918e+00 5.346372272728602049e+00 0.000000000000000000e+00
-6.013868847347274560e-01 -5.294434552121475290e-01 0.000000000000000000e+00
-1.218804387425656222e+00 -1.479399533709802039e+00 0.000000000000000000e+00
1.181605195741299852e+00 6.477697404291218319e-01 0.000000000000000000e+00
6.606093946636095726e-01 1.112882640265560941e+00 0.000000000000000000e+00
4.771267271395719156e+00 5.042069422548718372e+00 0.000000000000000000e+00
3.047123547690426815e+00 3.420102651653545767e+00 0.000000000000000000e+00
-6.212373217481424348e+00 -5.957575062376226249e+00 0.000000000000000000e+00
-3.538393586888262998e+00 -3.456113460726298658e+00 0.000000000000000000e+00
6.277395219835844919e+00 6.003721904713580138e+00 0.000000000000000000e+00
6.528112406958356928e+00 6.790799114217510812e+00 0.000000000000000000e+00
4.288461963015117284e+00 4.126009230058047095e+00 0.000000000000000000e+00
1.112131029842040153e+00 1.872373053257538666e+00 0.000000000000000000e+00
-2.264624323026953601e+00 -2.087557928642659100e+00 0.000000000000000000e+00
-2.926693215556175787e+00 -3.378519850704121641e+00 0.000000000000000000e+00
4.725290444858315730e+00 4.802180415901774246e+00 0.000000000000000000e+00
1.766040132327272305e-01 1.312959295953372851e-01 0.000000000000000000e+00
-3.565562541778238170e+00 -4.261873681626826560e+00 0.000000000000000000e+00
3.483143785808086701e+00 3.782736015263983731e+00 0.000000000000000000e+00
6.225748413359536437e-01 2.490449944593444709e-01 0.000000000000000000e+00
-9.759825752501720686e-01 -5.883763873432706903e-01 0.000000000000000000e+00
-5.779836618337461651e-01 -7.433817561486845138e-01 0.000000000000000000e+00
-4.707651201290570242e+00 -5.184825450971002780e+00 0.000000000000000000e+00
3.220184734686224015e+00 2.938336808419580670e+00 0.000000000000000000e+00
5.915274109302120387e+00 5.875069634950823350e+00 0.000000000000000000e+00
6.102255317087729836e+00 5.773059635887555885e+00 0.000000000000000000e+00
-3.775749822352288287e+00 -3.868787877992809321e+00 0.000000000000000000e+00
-4.054880176775879086e+00 -4.079783610224351875e+00 0.000000000000000000e+00
3.677547459389906681e+00 4.070929877303476552e+00 0.000000000000000000e+00
2.840518642610956768e+00 3.457962068749772744e+00 0.000000000000000000e+00
3.847719772618748202e+00 3.923067451849970411e+00 0.000000000000000000e+00
1.224341304713789658e+00 6.343843767794703492e-01 0.000000000000000000e+00
1.432281296575880214e-01 5.678681451620688492e-01 0.000000000000000000e+00
1.702739316894636312e+00 2.458476391085989921e+00 0.000000000000000000e+00
4.443088319420654742e+00 4.396995290690419722e+00 0.000000000000000000e+00
-1.697960450568492652e+00 -1.730231508055028344e+00 0.000000000000000000e+00
5.078333016895373753e+00 5.344336126188585112e+00 0.000000000000000000e+00
-5.445100983036188502e+00 -5.559718828139737390e+00 0.000000000000000000e+00
-6.842922000329297205e+00 -7.173122461632456037e+00 0.000000000000000000e+00
-4.058094709557181545e+00 -3.602296588764416718e+00 0.000000000000000000e+00
3.405085480212318494e+00 3.710998811262834707e+00 0.000000000000000000e+00
-4.472464980781727384e+00 -5.036886550623302483e+00 0.000000000000000000e+00
-4.062582726070344208e+00 -4.925659871919442878e+00 0.000000000000000000e+00
-2.259978151510169564e+00 -2.238062698288824759e+00 0.000000000000000000e+00
-2.310105196650562576e+00 -1.712124870066711324e+00 0.000000000000000000e+00
1.480044392672938747e+00 1.019621327761150997e+00 0.000000000000000000e+00
6.181486427339757839e+00 6.925821050584542782e+00 0.000000000000000000e+00
2.300434866389676758e-01 1.030289977401016160e-01 0.000000000000000000e+00
6.796695692197252114e-01 3.119503646269662922e-01 0.000000000000000000e+00
-6.685148806299741508e+00 -6.568073328389766985e+00 0.000000000000000000e+00
6.418245158142935836e+00 6.407853063242776592e+00 0.000000000000000000e+00
-4.112135521056491605e+00 -4.524906852596934037e+00 0.000000000000000000e+00
2.525247060503976737e+00 2.927115670756824439e+00 0.000000000000000000e+00
6.410332907930411217e+00 6.556488379241567799e+00 0.000000000000000000e+00
-8.666089020667802068e-01 -1.262579656069221956e+00 0.000000000000000000e+00
5.698530405152639311e+00 5.294061861021889470e+00 0.000000000000000000e+00
-5.775597792108640327e+00 -6.685756731790273300e+00 0.000000000000000000e+00
5.641163450360025422e+00 5.453276594187765447e+00 0.000000000000000000e+00
1.270552999799072769e+00 1.016447305748183316e+00 0.000000000000000000e+00
3.593539004352059418e+00 4.153552328891241707e+00 0.000000000000000000e+00
1.091174481217674463e+00 1.443460042048107184e+00 0.000000000000000000e+00
1.842596885897961889e-01 -4.334260016881172906e-01 0.000000000000000000e+00
-3.025210911181844153e+00 -2.535646586071067521e+00 0.000000000000000000e+00
-1.457673783027373826e+00 -1.565499057807923089e+00 0.000000000000000000e+00
2.218594025609511800e+00 2.980491685381304379e+00 0.000000000000000000e+00
3.713970042623108814e+00 4.465695278353298825e+00 0.000000000000000000e+00
4.676666022034246417e+00 4.677819260776848509e+00 0.000000000000000000e+00
5.543444360349428557e+00 5.081916646931645687e+00 0.000000000000000000e+00
-2.650060183019375515e+00 -2.244940275078484149e+00 0.000000000000000000e+00
-4.249771327649389363e+00 -5.056636501793778216e+00 0.000000000000000000e+00
-4.746960162534485050e+00 -5.631175658302147724e+00 0.000000000000000000e+00
-3.867785601137814222e+00 -3.504146236133636627e+00 0.000000000000000000e+00
-5.646384066006209679e+00 -5.365267280976123487e+00 0.000000000000000000e+00
5.884631429969399363e+00 5.482231601379172758e+00 0.000000000000000000e+00
-2.215851104441096453e+00 -2.841449112813481115e+00 0.000000000000000000e+00
3.055572453037585845e+00 3.505555934319218636e+00 0.000000000000000000e+00
-6.371930549826910095e+00 -7.099371287779559836e+00 0.000000000000000000e+00
-5.211927814629949474e+00 -4.987351542087192335e+00 0.000000000000000000e+00
4.610002709047306690e-01 8.876881407271756119e-01 0.000000000000000000e+00
-3.362488609231306214e+00 -3.949400690420792337e+00 0.000000000000000000e+00
1.752486479970527977e+00 1.823472555768741898e+00 0.000000000000000000e+00
6.214994113936302966e+00 6.948316227194966999e+00 0.000000000000000000e+00
-5.090361054198458746e+00 -5.982177016385127111e+00 0.000000000000000000e+00
-5.636530452044428152e+00 -6.140691361260097736e+00 0.000000000000000000e+00
-4.332628080889415756e+00 -4.473858081806489473e+00 0.000000000000000000e+00
-4.535298813790652694e+00 -4.718318424711220871e+00 0.000000000000000000e+00
3.008120584280724152e+00 2.899129771195910976e+00 0.000000000000000000e+00
4.656813554333678162e+00 4.851502766734633987e+00 0.000000000000000000e+00
5.418556645975075803e+00 5.201861963924713450e+00 0.000000000000000000e+00
-4.401184095141604580e+00 -5.063735730249221412e+00 0.000000000000000000e+00
3.679414818627892991e-01 3.135600594831918997e+00 1.000000000000000000e+00
2.271438549915618221e+00 7.784816067787795113e+00 1.000000000000000000e+00
1.125845455763016201e+00 5.495162541069558593e+00 1.000000000000000000e+00
6.644334428748903676e-01 1.839840911478491936e+00 1.000000000000000000e+00
-3.602206395777080017e-01 -9.722340776083060465e-01 1.000000000000000000e+00
-1.595987307905067709e+00 -7.795833233156799658e+00 1.000000000000000000e+00
-3.205227992815216087e-01 -1.602313156618945911e+00 1.000000000000000000e+00
-1.516301865450986885e-01 -1.835694845050525714e+00 1.000000000000000000e+00
1.081076223018041738e+00 5.252467468052953947e+00 1.000000000000000000e+00
1.712306709709256802e+00 8.326293944236700995e+00 1.000000000000000000e+00
-5.445058455660785057e-01 -2.917159429406799287e-01 1.000000000000000000e+00
-3.201342170414278598e-01 -3.123902318164820002e+00 1.000000000000000000e+00
-2.240244076821146901e+00 -7.548734375655522300e+00 1.000000000000000000e+00
2.759226251899372651e-01 9.476923746955502326e-01 1.000000000000000000e+00
-6.999456235680479033e-01 -3.133693921961857587e+00 1.000000000000000000e+00
-3.741731436118074239e-01 -7.807155244596126753e-01 1.000000000000000000e+00
-2.503189531521568423e+00 -8.127595206304247810e+00 1.000000000000000000e+00
4.520476854541062295e-01 3.785008435846121788e+00 1.000000000000000000e+00
5.954012778862327604e-02 -1.757313325067771714e+00 1.000000000000000000e+00
1.620079838415452667e+00 6.510900436889811793e+00 1.000000000000000000e+00
1.860499975936967587e+00 8.480018635709596353e+00 1.000000000000000000e+00
1.756202815513814075e+00 8.741976605620095597e+00 1.000000000000000000e+00
1.558604664554086972e+00 6.265875443731661498e+00 1.000000000000000000e+00
-6.451487671948540337e-01 -2.858710031268148377e+00 1.000000000000000000e+00
6.233903108902082435e-01 2.656610696869628363e+00 1.000000000000000000e+00
-1.161180793217536422e+00 -3.252738642502179811e+00 1.000000000000000000e+00
-1.006074467587393162e+00 -4.902164403247919466e+00 1.000000000000000000e+00
-3.219410852922419131e-01 -2.822307854887699197e+00 1.000000000000000000e+00
2.194349005712336709e+00 7.706893860667572760e+00 1.000000000000000000e+00
-7.394185663882884008e-01 -3.774208763307216330e+00 1.000000000000000000e+00
-2.249465082143265460e-01 -6.005284367359470243e-02 1.000000000000000000e+00
2.353334847439405575e+00 9.140599445531098155e+00 1.000000000000000000e+00
7.084385010185401121e-01 1.059684542169774701e+00 1.000000000000000000e+00
-1.950626529864870173e+00 -6.440011426481499157e+00 1.000000000000000000e+00
-4.824937973177563233e-01 -5.480285368909989518e-01 1.000000000000000000e+00
8.702507461097457320e-01 1.992744987883902308e+00 1.000000000000000000e+00
-1.028481336617630193e+00 -4.908231025924893132e+00 1.000000000000000000e+00
-1.751405531671902382e+00 -5.718787761026006500e+00 1.000000000000000000e+00
6.323260753434749581e-01 3.367703499829651115e+00 1.000000000000000000e+00
-9.946870290584035601e-01 -2.613918002185290135e+00 1.000000000000000000e+00
1.624789032674447631e+00 8.376052076956490566e+00 1.000000000000000000e+00
2.043628025041140717e+00 8.928662112211293689e+00 1.000000000000000000e+00
-9.039699443223901953e-01 -1.720222477835915198e+00 1.000000000000000000e+00
-1.087651584515285874e+00 -3.403266939324426588e+00 1.000000000000000000e+00
1.703050171140065849e+00 5.332994548310843186e+00 1.000000000000000000e+00
-3.359956228762273067e-02 -9.835016370681528564e-01 1.000000000000000000e+00
-1.873732925179828257e+00 -5.574210776364918907e+00 1.000000000000000000e+00
1.458712509559059178e+00 5.476067262683399051e+00 1.000000000000000000e+00
-1.563215741451557950e+00 -7.643303013546804969e+00 1.000000000000000000e+00
2.085164377513654688e-01 1.405536005450467529e+00 1.000000000000000000e+00
-2.063790244537871965e-02 5.174780356529496972e-01 1.000000000000000000e+00
-1.710178622754460864e+00 -6.757275210156679535e+00 1.000000000000000000e+00
2.652491564533159707e+00 9.590999921249069970e+00 1.000000000000000000e+00
1.367020865653082229e+00 3.726881198795404693e+00 1.000000000000000000e+00
4.025889133520373919e-01 1.490831795888574618e+00 1.000000000000000000e+00
-1.577456637743697376e+00 -4.504818021726433308e+00 1.000000000000000000e+00
-5.769691803356268300e-01 -3.682818411576254558e+00 1.000000000000000000e+00
9.844607854551121751e-01 3.345165017201668256e+00 1.000000000000000000e+00
-5.037014736160791983e-01 -2.399216119214740761e+00 1.000000000000000000e+00
-1.747893078841938008e+00 -6.952347846856671509e+00 1.000000000000000000e+00
-2.511947976511550440e-01 -2.922456919300712164e-01 1.000000000000000000e+00
1.267166147400424325e+00 3.932368730621329966e+00 1.000000000000000000e+00
-1.031154706096371942e+00 -4.622886849278408761e+00 1.000000000000000000e+00
7.179126173096301855e-01 1.778390420773256375e+00 1.000000000000000000e+00
-5.124550840381152383e-01 -3.447045488704141292e+00 1.000000000000000000e+00
-1.587971893105980969e+00 -7.848192129513310356e+00 1.000000000000000000e+00
-1.155064016365200397e+00 -6.607746888924173057e+00 1.000000000000000000e+00
-1.203747299560019801e+00 -6.032475953624609311e+00 1.000000000000000000e+00
-9.563964147110488589e-01 -2.163656346408407760e+00 1.000000000000000000e+00
-1.013219355318464965e+00 -2.921397925914911653e+00 1.000000000000000000e+00
-1.350980191220044757e+00 -4.155207283149803033e+00 1.000000000000000000e+00
-1.702006872940581284e-02 -1.229127984647502281e+00 1.000000000000000000e+00
-2.059669032231185692e+00 -7.040661271224255557e+00 1.000000000000000000e+00
1.214138682651100948e-01 -4.648295274071317928e-01 1.000000000000000000e+00
-1.357339091157832911e+00 -5.903141639447481381e+00 1.000000000000000000e+00
1.608883158521242862e+00 6.711891846751519175e+00 1.000000000000000000e+00
-6.029315101647469977e-01 -1.788999320658342773e+00 1.000000000000000000e+00
1.958397283158888613e-01 2.073225214196796173e+00 1.000000000000000000e+00
2.420697616768270333e-01 2.766782270244482422e+00 1.000000000000000000e+00
8.537620476932243907e-01 2.788693193861740305e+00 1.000000000000000000e+00
-4.567182259261852728e-01 -2.864760644762870956e-01 1.000000000000000000e+00
1.733794687065298934e+00 6.264102779384796982e+00 1.000000000000000000e+00
-6.180868181575299714e-01 -2.605262706412809770e+00 1.000000000000000000e+00
-1.913901142142389489e+00 -8.668783279111078599e+00 1.000000000000000000e+00
2.144038782357013395e-01 9.690234896509851703e-01 1.000000000000000000e+00
-1.024939731406298460e+00 -5.845893767415581088e+00 1.000000000000000000e+00
5.817275395629007972e-01 1.840299927837119487e+00 1.000000000000000000e+00
2.175691328711766737e+00 8.406696179720695383e+00 1.000000000000000000e+00
-1.090321389553022602e+00 -3.871318717906562235e+00 1.000000000000000000e+00
-7.290030849305593197e-01 -1.743172664711313269e+00 1.000000000000000000e+00
9.138048430492653473e-01 4.225958919767643707e+00 1.000000000000000000e+00
-2.292719815096731395e+00 -9.216545857173366940e+00 1.000000000000000000e+00
-9.885172619457216481e-01 -5.802491668611359010e+00 1.000000000000000000e+00
-2.281055078858130192e-01 9.242116371728386071e-01 1.000000000000000000e+00
-1.709698217040723223e-01 -1.852051226800458750e+00 1.000000000000000000e+00
1.649743713659057587e-03 1.205343311733873657e+00 1.000000000000000000e+00
-2.330447355832079737e+00 -7.901375034598623337e+00 1.000000000000000000e+00
2.160743556796841602e+00 6.700770807384194505e+00 1.000000000000000000e+00
-9.085972764405787494e-01 -5.227564074188887133e+00 1.000000000000000000e+00
-2.290124031153001116e+00 -7.333380120054709295e+00 1.000000000000000000e+00
-2.355631847473316220e-02 -7.958769063673207800e-01 2.000000000000000000e+00
-5.944278537764476900e-01 9.811458362278078216e-01 2.000000000000000000e+00
3.500362741132958977e+00 -9.039623958205043053e+00 2.000000000000000000e+00
3.353223625331140489e+00 -7.820038594068505766e+00 2.000000000000000000e+00
-2.125604692041571209e+00 4.734931170402179923e+00 2.000000000000000000e+00
-1.258990430925233106e+00 2.299480344231602746e+00 2.000000000000000000e+00
-1.470325054979123802e+00 4.376742631263900840e+00 2.000000000000000000e+00
6.866433903885498236e-01 -8.704062458730406071e-01 2.000000000000000000e+00
-3.555066246262672980e+00 8.566893247680532397e+00 2.000000000000000000e+00
-1.801312194807677791e+00 4.126184719246626997e+00 2.000000000000000000e+00
2.229838675845728702e+00 -4.561150055322167773e+00 2.000000000000000000e+00
-3.161813704988195362e+00 7.622967534942389101e+00 2.000000000000000000e+00
1.302516216100920499e+00 -3.202932031318952877e+00 2.000000000000000000e+00
-1.429400959324118175e-02 -1.100074447474304606e-01 2.000000000000000000e+00
3.573896625250865267e+00 -7.257946573305368076e+00 2.000000000000000000e+00
-3.003852615280343308e+00 6.116111701564444836e+00 2.000000000000000000e+00
3.430972055541753551e+00 -8.201998546469353002e+00 2.000000000000000000e+00
6.342626611464395880e-01 -1.154713145837844568e+00 2.000000000000000000e+00
-1.235297066772261587e+00 3.213753528271764637e+00 2.000000000000000000e+00
-3.030188578845308012e+00 6.978317826626615705e+00 2.000000000000000000e+00
5.663822829805817971e-01 -9.670290617143553202e-01 2.000000000000000000e+00
-3.985356768890772283e+00 8.707323759452677336e+00 2.000000000000000000e+00
1.387497955710518482e+00 -3.185077119772461440e+00 2.000000000000000000e+00
-6.664591017758570990e-01 1.541190509544718035e+00 2.000000000000000000e+00
-2.226184574022847862e+00 5.536690374673938209e+00 2.000000000000000000e+00
8.593061825495194039e-01 -1.462330229421093586e+00 2.000000000000000000e+00
1.599274787777868467e-01 -1.253091240655767491e+00 2.000000000000000000e+00
-2.613803500063642371e+00 5.053527884389350966e+00 2.000000000000000000e+00
4.173136120008467564e+00 -8.802396431637992791e+00 2.000000000000000000e+00
1.997201121811858826e+00 -3.904237678476226048e+00 2.000000000000000000e+00
9.975398865943514437e-01 -1.557027308605685612e+00 2.000000000000000000e+00
4.438583165546114984e-01 -3.250985537744893739e-01 2.000000000000000000e+00
-8.508486238319752371e-01 1.210744792695941374e+00 2.000000000000000000e+00
1.645422602258158173e+00 -3.013231586746627055e+00 2.000000000000000000e+00
-1.842845796243216094e+00 4.240146484550198380e+00 2.000000000000000000e+00
3.157121752720263963e+00 -7.754684072668358574e+00 2.000000000000000000e+00
1.604880407886977167e+00 -4.089513440913982834e+00 2.000000000000000000e+00
3.432342297332184433e+00 -7.250385042860281182e+00 2.000000000000000000e+00
-3.461003098630943686e+00 7.923947678994733401e+00 2.000000000000000000e+00
-4.099942536357371603e-01 7.774436958221304650e-01 2.000000000000000000e+00
3.477380294470486355e+00 -7.454770338803012208e+00 2.000000000000000000e+00
-4.394059862348503320e-01 2.603554705148742876e-01 2.000000000000000000e+00
2.974532053751153260e-01 -5.603579780459643223e-01 2.000000000000000000e+00
1.857686917699485352e-01 -1.197549634149409847e+00 2.000000000000000000e+00
-1.210052986431110922e+00 1.944624772636139198e+00 2.000000000000000000e+00
2.607577384412986365e+00 -5.821686836655143082e+00 2.000000000000000000e+00
-2.838836420290114848e+00 6.187247363011329604e+00 2.000000000000000000e+00
1.287653347882198762e+00 -1.933045596265482224e+00 2.000000000000000000e+00
2.737127027787239264e+00 -7.106414262951948224e+00 2.000000000000000000e+00
5.610499719898414117e-01 -1.805558918424962744e+00 2.000000000000000000e+00
-2.643754012677946186e+00 6.396413851407498186e+00 2.000000000000000000e+00
5.969636013469128422e-01 -1.997154030070284358e+00 2.000000000000000000e+00
-2.996088771287668262e+00 7.809770847807301131e+00 2.000000000000000000e+00
-2.157094074822738961e+00 4.775219178371244766e+00 2.000000000000000000e+00
-1.167267149958498784e+00 1.396010366290404869e+00 2.000000000000000000e+00
2.706298177382142178e+00 -5.217135178391421491e+00 2.000000000000000000e+00
-1.654508236286550860e+00 3.595216800997665718e+00 2.000000000000000000e+00
2.917987113382647935e-01 -1.074726027901940384e+00 2.000000000000000000e+00
-4.519830807553307239e-01 1.174253429944337901e+00 2.000000000000000000e+00
3.972138314698896000e+00 -8.683628656928764400e+00 2.000000000000000000e+00
-1.812362856458861637e+00 4.285593806872876499e+00 2.000000000000000000e+00
2.883246117159216748e+00 -5.563856976491758033e+00 2.000000000000000000e+00
-4.048900581268178200e+00 8.043346007374333695e+00 2.000000000000000000e+00
-1.936044933057513573e+00 4.285627628448688498e+00 2.000000000000000000e+00
-1.288544655861362020e+00 2.278396971896484935e+00 2.000000000000000000e+00
-2.896676722528760961e-01 -3.519009524728704541e-01 2.000000000000000000e+00
1.134992232412278312e+00 -1.387609005754217639e+00 2.000000000000000000e+00
-2.730291766517006558e+00 5.956195968003410890e+00 2.000000000000000000e+00
-2.596090377474863597e+00 6.087723078154494871e+00 2.000000000000000000e+00
1.476778997289536877e+00 -4.159794610267122827e+00 2.000000000000000000e+00
-1.872278054943762871e-01 1.290996545756840197e+00 2.000000000000000000e+00
2.721683508581515198e+00 -6.453445848302804322e+00 2.000000000000000000e+00
-1.306713912836548142e+00 3.379346636247311242e+00 2.000000000000000000e+00
-4.310947939097856008e+00 8.697590537354400908e+00 2.000000000000000000e+00
-2.589208918457046149e+00 6.361705518798342673e+00 2.000000000000000000e+00
1.696290983049111079e+00 -4.133198687854732434e+00 2.000000000000000000e+00
-1.281962736232751476e+00 2.253479527153435580e+00 2.000000000000000000e+00
-3.735255455755782439e+00 7.173576305735881675e+00 2.000000000000000000e+00
-2.114456092709283919e+00 5.770010099161049233e+00 2.000000000000000000e+00
-1.586102998518351237e+00 3.405392079469300892e+00 2.000000000000000000e+00
1.803567624961608384e+00 -2.942307504852221811e+00 2.000000000000000000e+00
-1.165332135555864568e+00 2.482642031351038892e+00 2.000000000000000000e+00
-3.071350610658184266e+00 6.849728578451941274e+00 2.000000000000000000e+00
6.255245091468812912e-01 -1.558722170832182341e+00 2.000000000000000000e+00
2.494301471582750729e+00 -5.914956023628941573e+00 2.000000000000000000e+00
2.452979794566353622e+00 -4.884609446843998448e+00 2.000000000000000000e+00
-1.236513562535834776e+00 3.884375465755597556e+00 2.000000000000000000e+00
-6.847677043268485253e-01 1.095786483596830063e+00 2.000000000000000000e+00
-2.188930741037488747e+00 5.096452228203575352e+00 2.000000000000000000e+00
2.810231566971866268e+00 -5.298991572070366196e+00 2.000000000000000000e+00
3.185903282154121108e+00 -8.358740424998996943e+00 2.000000000000000000e+00
1.988654465537465832e+00 -5.139247713569784715e+00 2.000000000000000000e+00
2.032215298425344319e+00 -4.032508456411762587e+00 2.000000000000000000e+00
-2.833835441168729652e+00 5.732352776832048136e+00 2.000000000000000000e+00
7.268192386446374886e-01 -2.059922525657938763e+00 2.000000000000000000e+00
2.704726739530489255e+00 -6.534122946193293480e+00 2.000000000000000000e+00
8.408298597987029499e-01 -7.217330030883559733e-01 2.000000000000000000e+00
-2.795821671389504992e+00 7.361986874469152120e+00 2.000000000000000000e+00
3.393422350506471563e+00 -6.821728309331287932e+00 2.000000000000000000e+00
-3.161943138859052649e+00 6.925277648127353025e+00 2.000000000000000000e+00
