# x1, x2, y
5.296896043129293297e-01 1.028118054445140039e+00 0.000000000000000000e+00
4.617369264499814885e-01 -5.729802263827039610e-01 1.000000000000000000e+00
1.423396412574594150e+00 -6.616729880325640245e-01 1.000000000000000000e+00
1.948575143722632297e-01 2.305722173161098981e-02 1.000000000000000000e+00
1.243517512227489075e+00 -7.711815509872403940e-01 1.000000000000000000e+00
-7.839602746630527919e-02 1.056350670141332548e+00 0.000000000000000000e+00
9.545663129205201880e-01 -7.389176496353351276e-01 1.000000000000000000e+00
9.475542708278440474e-01 5.136907115477338248e-01 0.000000000000000000e+00
-8.923387143428161972e-01 3.806519831476452564e-01 0.000000000000000000e+00
-9.027007753474738383e-01 4.727307979025644480e-01 0.000000000000000000e+00
4.896192515558256964e-01 9.339910802890323271e-01 0.000000000000000000e+00
1.567903418665224091e+00 -5.691864032020355069e-01 1.000000000000000000e+00
7.224110283164776325e-01 -5.991145261203397743e-01 1.000000000000000000e+00
3.924982618612950919e-02 4.321517662574669849e-01 1.000000000000000000e+00
1.910202886220052854e+00 -1.841356548234740764e-01 1.000000000000000000e+00
-4.620710126934789996e-01 7.893960063665170779e-01 0.000000000000000000e+00
1.521198380317565269e+00 -5.173994710503311278e-01 1.000000000000000000e+00
2.057138988887805109e+00 1.401385905343592864e-01 1.000000000000000000e+00
1.033405961568755194e+00 8.384962522495933990e-02 0.000000000000000000e+00
-9.066984151489138055e-01 3.691949427160130526e-01 0.000000000000000000e+00
2.015678088366770482e-01 9.508031282740265766e-01 0.000000000000000000e+00
1.062278405552973481e+00 -1.291055993764488596e-01 0.000000000000000000e+00
3.569248174820491837e-01 9.735729663407484136e-01 0.000000000000000000e+00
4.948943712587311472e-01 8.486591973140276135e-01 0.000000000000000000e+00
2.026444833138296264e+00 -1.946029394486860631e-01 1.000000000000000000e+00
1.844191168049760909e+00 -2.674507012670096495e-01 1.000000000000000000e+00
4.157242208649372106e-01 -5.744098804367382405e-01 1.000000000000000000e+00
1.787497258697660074e+00 -3.740654844033104443e-01 1.000000000000000000e+00
1.939590392396815854e+00 2.572934602436743878e-02 1.000000000000000000e+00
7.623006053046992303e-01 6.691177543746054113e-01 0.000000000000000000e+00
1.310693880124154553e+00 -5.947766129747975583e-01 1.000000000000000000e+00
8.342907183346298661e-02 2.610696728628217889e-01 1.000000000000000000e+00
-4.006847318555011306e-01 9.954809326202547215e-01 0.000000000000000000e+00
1.701559490601388669e+00 -3.968013584381572256e-01 1.000000000000000000e+00
1.207248089507328537e+00 -6.947678465715053653e-01 1.000000000000000000e+00
-6.538529629003408949e-01 8.056404175725824235e-01 0.000000000000000000e+00
6.956924818055264526e-01 7.738789941911998760e-01 0.000000000000000000e+00
1.285531111617854050e+00 -6.409311763939116169e-01 1.000000000000000000e+00
1.041879719097144885e-01 4.360550978246930942e-01 1.000000000000000000e+00
9.637105146667569455e-01 1.375531982942363451e-01 0.000000000000000000e+00
1.736934582063553112e+00 -4.597467763937863605e-01 1.000000000000000000e+00
1.043718478466178157e+00 2.156731609952271533e-01 0.000000000000000000e+00
1.660020381444212989e-01 9.369243974136540754e-01 0.000000000000000000e+00
-1.317242417917038888e-02 1.063603898471738862e+00 0.000000000000000000e+00
1.000575499175526240e+00 -7.918117400495860991e-01 1.000000000000000000e+00
1.068278143658891288e+00 -2.175714767373582159e-02 0.000000000000000000e+00
6.735803585462452059e-01 6.976597907280138733e-01 0.000000000000000000e+00
1.596317207914992875e-01 2.155326323834281799e-01 1.000000000000000000e+00
3.263600951525286731e-01 -4.329315922596000954e-01 1.000000000000000000e+00
1.102934472341353445e+00 -6.785737463775122214e-01 1.000000000000000000e+00
2.590832540414108043e-01 -8.059802278923711150e-02 1.000000000000000000e+00
1.752525004867640623e+00 -4.590996289416738874e-01 1.000000000000000000e+00
1.204763307680637441e+00 -7.280149813450546015e-01 1.000000000000000000e+00
-7.052661876388770512e-01 8.030371389072377131e-01 0.000000000000000000e+00
1.264983206966204365e+00 -7.236840441657625966e-01 1.000000000000000000e+00
5.242765221154602751e-01 8.718493756636482850e-01 0.000000000000000000e+00
-5.298203073606163604e-01 7.993932133602232870e-01 0.000000000000000000e+00
4.010330808176684747e-01 -3.632045168660640866e-01 1.000000000000000000e+00
-9.862348995959838716e-01 1.271827312687809353e-01 0.000000000000000000e+00
-7.805124691421659877e-01 6.207646496379359835e-01 0.000000000000000000e+00
1.207045760327722483e+00 -5.840031644859913218e-01 1.000000000000000000e+00
5.208293797507707046e-01 -5.109370965092994155e-01 1.000000000000000000e+00
9.505919968429343836e-01 -3.821070307265217458e-02 0.000000000000000000e+00
1.928291147907033931e+00 -3.292112259105492988e-01 1.000000000000000000e+00
2.713603044819991039e-01 1.046422568567610067e+00 0.000000000000000000e+00
7.758393897441424603e-01 6.551653494899541963e-01 0.000000000000000000e+00
1.223226113355002198e+00 -5.902141645320596597e-01 1.000000000000000000e+00
-2.800446285672459901e-01 1.082106386994558855e+00 0.000000000000000000e+00
-9.674513191597415851e-01 2.313679882497481632e-01 0.000000000000000000e+00
1.401332919667750421e-01 3.263051301317761443e-01 1.000000000000000000e+00
2.541696516304888798e-01 9.573449060833983948e-01 0.000000000000000000e+00
-1.677870565040446849e-01 1.031504313134355977e+00 0.000000000000000000e+00
-2.219918239782999181e-01 1.033830876666494092e+00 0.000000000000000000e+00
-4.846578540134087731e-01 7.907939752946141487e-01 0.000000000000000000e+00
1.613522522848596652e-01 -2.411966487768612000e-01 1.000000000000000000e+00
-7.904530162807279492e-01 6.624610498644626366e-01 0.000000000000000000e+00
4.835574364379524592e-01 -4.705336380707615951e-01 1.000000000000000000e+00
1.005350094185004206e+00 4.772665653203747582e-02 0.000000000000000000e+00
9.053794104472978610e-01 2.116435703806591739e-01 0.000000000000000000e+00
1.369059902698853470e+00 -6.263111187062799790e-01 1.000000000000000000e+00
1.727634916448792746e+00 -3.975053763802092188e-01 1.000000000000000000e+00
1.968006510464584524e+00 -1.226866042894129150e-01 1.000000000000000000e+00
1.636744504667770217e+00 -4.436765162427211973e-01 1.000000000000000000e+00
1.762982568857783816e-01 6.268535541807029876e-02 1.000000000000000000e+00
1.388616684278624502e+00 -4.876544919127127065e-01 1.000000000000000000e+00
-8.927345149723729667e-02 4.300984867334244066e-02 1.000000000000000000e+00
2.026416481739652831e+00 6.233030490053409478e-02 1.000000000000000000e+00
1.261836220111655360e-01 -4.812443625678600179e-02 1.000000000000000000e+00
4.933033851302683764e-02 4.767306485158847029e-01 1.000000000000000000e+00
7.316014145721562167e-01 -6.470999243217572250e-01 1.000000000000000000e+00
-7.261261393512836726e-01 6.222124711561889399e-01 0.000000000000000000e+00
-5.482404022738902594e-01 7.689544110183298420e-01 0.000000000000000000e+00
2.142946582318851212e-02 5.627888735744716042e-01 1.000000000000000000e+00
-7.132315149545820354e-01 7.725859813390291153e-01 0.000000000000000000e+00
3.458131417950245923e-01 -4.033724752089329346e-01 1.000000000000000000e+00
-4.800609205546744751e-01 7.951920244103847235e-01 0.000000000000000000e+00
8.763477357822615499e-01 4.616232944564640506e-01 0.000000000000000000e+00
1.884594752990890187e+00 -2.748103551146551249e-01 1.000000000000000000e+00
-6.594152653110645357e-01 7.747682567609810445e-01 0.000000000000000000e+00
3.701594279594781489e-01 9.106556980867264173e-01 0.000000000000000000e+00
3.433221990663695156e-01 9.615502447929432650e-01 0.000000000000000000e+00
-7.940313032612047461e-01 5.863786147434685292e-01 0.000000000000000000e+00
-8.939266273311565758e-01 2.682362853309070427e-01 0.000000000000000000e+00
1.874596659276911881e+00 -2.339162223780200389e-01 1.000000000000000000e+00
-2.394688950477933398e-01 9.685853139789571964e-01 0.000000000000000000e+00
-9.605616171244569790e-01 3.839094049310801671e-01 0.000000000000000000e+00
-9.713362722867755483e-01 6.624153637427092622e-01 0.000000000000000000e+00
2.078085509293976951e+00 -1.879750366674515227e-02 1.000000000000000000e+00
1.047366172193620271e+00 -1.735486357855334227e-02 0.000000000000000000e+00
-9.407167963476341654e-01 4.395984561924213274e-01 0.000000000000000000e+00
5.231227396993523016e-01 -4.481907765419574918e-01 1.000000000000000000e+00
2.516145263927657694e-01 1.037112610126882384e+00 0.000000000000000000e+00
9.889400803802589346e-01 -9.505593623754544919e-02 0.000000000000000000e+00
5.869363885115117530e-01 8.312660929314181768e-01 0.000000000000000000e+00
1.788063191394568152e+00 -3.765150231118985502e-01 1.000000000000000000e+00
7.590255106346668335e-01 -6.608205079358195899e-01 1.000000000000000000e+00
-9.734266893640924900e-01 2.742320916566205469e-01 0.000000000000000000e+00
6.688401751887064484e-02 4.155018481489092252e-02 1.000000000000000000e+00
-2.715588003434012410e-01 9.071170323968943405e-01 0.000000000000000000e+00
2.013089282686532089e-01 -2.659549074506776245e-01 1.000000000000000000e+00
1.952232155531821833e+00 -3.178774350542796778e-01 1.000000000000000000e+00
5.673004491324626919e-01 7.911223131286522214e-01 0.000000000000000000e+00
7.348177802205162479e-01 4.877031816049947066e-01 0.000000000000000000e+00
4.001560304584366179e-01 -3.155637303267778138e-01 1.000000000000000000e+00
2.014738047215022920e+00 2.941410909465486112e-02 1.000000000000000000e+00
1.527698533650624357e+00 -5.807390952821622765e-01 1.000000000000000000e+00
9.512657817892052892e-01 6.007548616238556072e-01 0.000000000000000000e+00
1.081526427336453322e+00 -4.090701575234192977e-02 0.000000000000000000e+00
-4.198716248804118534e-01 9.673397759045870847e-01 0.000000000000000000e+00
-9.966120335287048659e-01 3.790378662481878047e-01 0.000000000000000000e+00
-9.981411219316536076e-01 2.026168238500865026e-01 0.000000000000000000e+00
1.720664506208237965e+00 -3.820579333281763357e-01 1.000000000000000000e+00
4.811194719018073163e-01 -4.219230826110457744e-01 1.000000000000000000e+00
8.836305238238474358e-01 -6.572673197473348772e-01 1.000000000000000000e+00
8.585061836605233088e-02 2.304954320881874574e-02 1.000000000000000000e+00
3.106952646311317845e-01 -2.428634629107665754e-01 1.000000000000000000e+00
9.310403781128471223e-01 4.068549241380741699e-01 0.000000000000000000e+00
1.612043859427534087e-01 9.744942085471288706e-01 0.000000000000000000e+00
1.990944241113090096e-01 1.389061188034756977e-01 1.000000000000000000e+00
2.066787796693516643e+00 7.569697394073399144e-02 1.000000000000000000e+00
-1.003731153166126600e+00 2.770092148570437174e-01 0.000000000000000000e+00
1.016814395082498379e+00 1.337959713342546098e-01 0.000000000000000000e+00
-8.217905161196158437e-01 6.348235628985747780e-01 0.000000000000000000e+00
3.097194782797607071e-01 -3.365463333731334439e-01 1.000000000000000000e+00
1.055285555961461563e+00 7.392120224768516934e-02 0.000000000000000000e+00
-8.428436352141872590e-01 6.439082973727617842e-01 0.000000000000000000e+00
-2.715734737900192819e-01 9.490894179431171862e-01 0.000000000000000000e+00
1.378852140840395535e+00 -6.305331809454672864e-01 1.000000000000000000e+00
-8.065447600264968875e-01 5.046051133824958068e-01 0.000000000000000000e+00
1.964766278039477898e+00 -3.051183527312834043e-02 1.000000000000000000e+00
8.326524634290642934e-01 6.713647790273803428e-01 0.000000000000000000e+00
4.489130060198089078e-02 2.186871095117683683e-01 1.000000000000000000e+00
-1.015849989493085248e+00 2.807212979495093963e-01 0.000000000000000000e+00
1.019737494697038338e+00 -1.411390380783014431e-01 0.000000000000000000e+00
6.310250948259830128e-01 7.639779984622864228e-01 0.000000000000000000e+00
9.754180342442920759e-01 1.633314532759846949e-02 0.000000000000000000e+00
-9.099662451552427145e-01 5.420456935305486557e-01 0.000000000000000000e+00
-9.437410664115207792e-01 5.486747289715467879e-01 0.000000000000000000e+00
2.892312908303505958e-01 8.449572197133499163e-01 0.000000000000000000e+00
2.133103837526422186e+00 7.286081209305655948e-02 1.000000000000000000e+00
2.096469440046713650e+00 4.337032851023725488e-02 1.000000000000000000e+00
9.348082475816753556e-01 -6.711636132287679413e-01 1.000000000000000000e+00
1.129212255309458790e+00 -6.945025928848298502e-01 1.000000000000000000e+00
2.672540811528313909e-01 1.978278083998666337e-02 1.000000000000000000e+00
1.095094503973876726e-01 7.764726667941788951e-02 1.000000000000000000e+00
7.643226716707941792e-02 4.911462903140538239e-01 1.000000000000000000e+00
1.301209340424155148e+00 -6.119864978980436021e-01 1.000000000000000000e+00
1.209964104591177980e-01 -5.204847634430356806e-02 1.000000000000000000e+00
-9.323017690391182111e-01 2.975458656093684651e-01 0.000000000000000000e+00
8.047865780425234039e-01 -6.195259374931545437e-01 1.000000000000000000e+00
1.072578500550797953e+00 -7.517124763598901360e-01 1.000000000000000000e+00
3.495660311042411150e-01 9.755053900215432394e-01 0.000000000000000000e+00
6.448032939719581247e-01 8.544531070195119371e-01 0.000000000000000000e+00
-1.184062834358235172e-01 1.082436316641040008e+00 0.000000000000000000e+00
9.331808523294874425e-01 -7.965401876050594021e-01 1.000000000000000000e+00
8.539948848650630309e-01 5.234165616055819203e-01 0.000000000000000000e+00
-6.446802005267940894e-01 6.701063458055797062e-01 0.000000000000000000e+00
-1.092983470860130257e+00 2.521378142395281907e-01 0.000000000000000000e+00
1.574264978152464467e+00 -5.400991988188259540e-01 1.000000000000000000e+00
8.854614293914715717e-02 4.057648344786421446e-01 1.000000000000000000e+00
1.948087239801549464e-01 1.008389855632400023e+00 0.000000000000000000e+00
-9.311481639269150179e-01 5.767637682891328943e-01 0.000000000000000000e+00
1.884640645855250263e+00 -3.763718382477030944e-01 1.000000000000000000e+00
9.823423376885375147e-01 3.412126006855608629e-01 0.000000000000000000e+00
6.746020555703146071e-01 -6.480475195990844650e-01 1.000000000000000000e+00
2.024986879688506658e+00 -5.774989019093224041e-02 1.000000000000000000e+00
-9.938732547227511205e-01 1.049749468925954832e-01 0.000000000000000000e+00
-7.499462292737786306e-01 7.110324710036988183e-01 0.000000000000000000e+00
1.049079265839349739e+00 3.968270021331980479e-01 0.000000000000000000e+00
2.419407054540482216e-01 -1.574419331518917275e-01 1.000000000000000000e+00
9.914999155984257628e-01 2.347690838919111456e-01 0.000000000000000000e+00
1.641144685747433440e+00 -5.661592051429604755e-01 1.000000000000000000e+00
1.088160740673147719e+00 -1.179329155491016107e-01 0.000000000000000000e+00
-5.987389127379815212e-01 8.842691722132969279e-01 0.000000000000000000e+00
8.040538109858920146e-01 -5.353463030091762942e-01 1.000000000000000000e+00
-7.152018079882819235e-01 7.763106915177859779e-01 0.000000000000000000e+00
-2.564342317482425360e-01 1.006972513161802141e+00 0.000000000000000000e+00
-7.219342155760323232e-01 7.261765380065210440e-01 0.000000000000000000e+00
2.909383314225805206e-02 4.868942619646398628e-01 1.000000000000000000e+00
5.337924596291537815e-01 8.509750583545091507e-01 0.000000000000000000e+00
2.044198506488444256e+00 -7.983725224179072377e-02 1.000000000000000000e+00
-9.495394129552030549e-01 5.033357117270658154e-01 0.000000000000000000e+00
-3.701471677454372111e-01 9.267318578179515320e-01 0.000000000000000000e+00
9.772283013681745123e-01 -1.541018965260390061e-01 0.000000000000000000e+00
7.706102896512703193e-01 7.641448954476027788e-01 0.000000000000000000e+00
1.345563319482357967e-01 -5.566622877565080563e-02 1.000000000000000000e+00
3.637430207884243538e-01 -1.833008649625867403e-01 1.000000000000000000e+00
1.046964164095329330e+00 -2.390725732150555949e-02 0.000000000000000000e+00
-2.746563275513863589e-02 1.119328283769889243e+00 0.000000000000000000e+00
8.196423338144240289e-02 7.166643441242212531e-02 1.000000000000000000e+00
-6.715915770281983832e-01 6.826588001517575055e-01 0.000000000000000000e+00
8.105892199877167137e-01 5.825339768843367239e-01 0.000000000000000000e+00
3.145392039472666434e-01 -1.536513575787834540e-01 1.000000000000000000e+00
1.123654309801396689e+00 -6.299731086561888294e-01 1.000000000000000000e+00
9.013416310559254629e-01 6.421754117549315355e-01 0.000000000000000000e+00
8.404779515553563174e-01 3.864195801464930802e-01 0.000000000000000000e+00
1.386025077619191581e+00 -5.900082923885491271e-01 1.000000000000000000e+00
-1.827105674625830178e-01 9.833293323555922782e-01 0.000000000000000000e+00
1.001567078742794381e+00 3.676721670122047314e-01 0.000000000000000000e+00
-7.850184688395153709e-02 1.032725565920427302e+00 0.000000000000000000e+00
9.492843533119782462e-01 -9.626410436838178653e-02 0.000000000000000000e+00
-9.490247606309526462e-01 2.275391148335907943e-01 0.000000000000000000e+00
9.194282797039304844e-02 -9.756552992751559017e-02 1.000000000000000000e+00
2.026032293499508974e+00 -1.821668354050159089e-01 1.000000000000000000e+00
1.037765371367086686e+00 -7.711878851775259003e-01 1.000000000000000000e+00
-1.070725371127429826e+00 1.849769928409099318e-01 0.000000000000000000e+00
5.100672365853303747e-01 -3.845307372275542646e-01 1.000000000000000000e+00
-3.258980739662508674e-01 1.013584174574039709e+00 0.000000000000000000e+00
6.141085317756866946e-01 -6.125957676102589122e-01 1.000000000000000000e+00
2.171345097798970669e-01 9.770108155841807918e-01 0.000000000000000000e+00
-7.579645692916814337e-01 6.889409149192244897e-01 0.000000000000000000e+00
6.877037791960069479e-02 1.204504766163065343e-01 1.000000000000000000e+00
2.154834074285573442e-01 -1.926409685458836674e-01 1.000000000000000000e+00
1.336759890019064700e+00 -6.859122153886273443e-01 1.000000000000000000e+00
3.732527056253425179e-01 -3.368836887268470415e-01 1.000000000000000000e+00
7.614245347999932800e-01 -6.353464957030094951e-01 1.000000000000000000e+00
2.032429055971678444e+00 -1.606248439773709791e-01 1.000000000000000000e+00
6.329241589883544128e-02 2.603755606410231294e-01 1.000000000000000000e+00
-6.311979260404567693e-01 8.420491098515895390e-01 0.000000000000000000e+00
1.138206242344855124e+00 -6.326936699336185299e-01 1.000000000000000000e+00
1.904480474590165784e+00 -2.885739506359100703e-01 1.000000000000000000e+00
1.006258528231822158e+00 -6.706208715784003349e-01 1.000000000000000000e+00
1.191503839417908939e+00 -7.845251403518856970e-01 1.000000000000000000e+00
5.592956292525740059e-02 1.021622940550671876e-01 1.000000000000000000e+00
1.190418992267346932e-01 9.997276440253299867e-01 0.000000000000000000e+00
9.993428174393490515e-01 2.301914953500294458e-01 0.000000000000000000e+00
1.056031479411192908e+00 1.256134695852214600e-01 0.000000000000000000e+00
1.571304264112549642e-02 1.017143346095198408e+00 0.000000000000000000e+00
1.200085168261114221e+00 -5.223573167878084456e-02 0.000000000000000000e+00
1.098949061449333353e+00 -6.178664452194174705e-01 1.000000000000000000e+00
7.704903097915329901e-01 6.163976337052433641e-01 0.000000000000000000e+00
1.692535537277595203e+00 -4.240079379065346821e-01 1.000000000000000000e+00
9.963533497691775542e-01 7.160656065656612057e-02 0.000000000000000000e+00
1.019749436686840649e-01 3.054643663309071777e-01 1.000000000000000000e+00
-1.025359299181767492e+00 3.924354168406749555e-01 0.000000000000000000e+00
3.938119495707107509e-01 -5.832342214033772176e-01 1.000000000000000000e+00
-5.711598975157858860e-01 7.506127394881544346e-01 0.000000000000000000e+00
1.208460712401242088e+00 -7.095609685350939833e-01 1.000000000000000000e+00
1.673711309691518490e-01 -8.847821101992220383e-02 1.000000000000000000e+00
1.016360160808927660e+00 -6.462449734592836670e-01 1.000000000000000000e+00
1.036040786374806677e+00 2.289938694653687046e-02 0.000000000000000000e+00
-8.161689070578885818e-01 7.052549357832138544e-01 0.000000000000000000e+00
5.206607470995745501e-01 -5.714648195018297017e-01 1.000000000000000000e+00
-3.383809896344208701e-01 9.269932914120661005e-01 0.000000000000000000e+00
2.035698498614895602e+00 1.266838863820275995e-01 1.000000000000000000e+00
-5.510052471297116616e-01 8.415351615383053208e-01 0.000000000000000000e+00
1.072824517556232982e+00 3.350199364147398162e-01 0.000000000000000000e+00
1.618892358554895106e+00 -5.392595058312832368e-01 1.000000000000000000e+00
2.900524874680804333e-01 8.950275305135917403e-01 0.000000000000000000e+00
2.988679772985523564e-01 9.361555865910842211e-01 0.000000000000000000e+00
7.654748446370983617e-01 7.819713012981625022e-01 0.000000000000000000e+00
8.075614378102347057e-01 7.385451226235913991e-01 0.000000000000000000e+00
9.259975906018469427e-01 1.223626910098011833e-01 0.000000000000000000e+00
1.179082591001032965e+00 -6.224257232102975435e-01 1.000000000000000000e+00
-6.855978143389940271e-01 6.543976043633313866e-01 0.000000000000000000e+00
1.083026206667529578e+00 -6.317959191452360290e-01 1.000000000000000000e+00
3.257446806421420149e-01 -1.570621137322616989e-01 1.000000000000000000e+00
2.154945510741626435e+00 3.984308066544001159e-02 1.000000000000000000e+00
8.829102466870936139e-01 6.915893583190187988e-01 0.000000000000000000e+00
1.091421901752399393e+00 2.572178449407038769e-01 0.000000000000000000e+00
1.721894830202032267e+00 -5.759348484502442300e-01 1.000000000000000000e+00
8.185558837833817325e-01 6.030993686601699988e-01 0.000000000000000000e+00
6.427524892889145969e-01 6.460743428745940875e-01 0.000000000000000000e+00
-8.779257179335790973e-01 3.012059052949652704e-01 0.000000000000000000e+00
-4.358176618591339535e-01 9.726319729781379708e-01 0.000000000000000000e+00
-4.986174848197587051e-01 8.320923678013544267e-01 0.000000000000000000e+00
1.005524786328410247e+00 3.283523121709109871e-01 0.000000000000000000e+00
5.017668574087768008e-01 8.345787788541358942e-01 0.000000000000000000e+00
1.019358323746664574e+00 3.925814674766762158e-01 0.000000000000000000e+00
4.280277109337553565e-01 -3.317226376432891866e-01 1.000000000000000000e+00
-8.389230371166193079e-01 4.978125133141191871e-01 0.000000000000000000e+00
-2.737788548596109539e-01 9.193890431272330188e-01 0.000000000000000000e+00
3.200932947651906613e-01 -2.854444174484276897e-01 1.000000000000000000e+00
1.858645850416397405e+00 -3.881006431661117584e-01 1.000000000000000000e+00
5.917873105796120914e-01 -6.113904831851157962e-01 1.000000000000000000e+00
-8.899843923609435103e-01 5.210571107221840803e-01 0.000000000000000000e+00
1.213221636598986519e+00 -7.087776417561947317e-01 1.000000000000000000e+00
-2.881798926991791521e-01 9.922417081289375274e-01 0.000000000000000000e+00
2.203624091068353275e-01 -2.299490905810922525e-01 1.000000000000000000e+00
2.048473490958218957e+00 7.508396143438189618e-02 1.000000000000000000e+00
2.093284114659312856e-01 -3.207385491581912218e-01 1.000000000000000000e+00
9.334734655296416106e-01 -1.611358827072725819e-02 0.000000000000000000e+00
-1.046570167988612132e+00 1.593776667567665117e-01 0.000000000000000000e+00
6.577969850154195830e-02 -2.931292759982068868e-02 1.000000000000000000e+00
6.405985019232054989e-02 1.019713090287319046e+00 0.000000000000000000e+00
1.707527388169997717e+00 -4.857299712974087469e-01 1.000000000000000000e+00
3.619894555704660788e-01 -4.666345660683286489e-01 1.000000000000000000e+00
1.532674037311453352e-01 1.290339678667207224e-01 1.000000000000000000e+00
-8.225710310181556517e-01 3.514727439080256866e-01 0.000000000000000000e+00
1.113285264226989979e-01 3.170111788674326858e-01 1.000000000000000000e+00
9.560595491116488098e-01 3.920820659667753061e-01 0.000000000000000000e+00
-5.163493879622056415e-01 9.184170507011961693e-01 0.000000000000000000e+00
-7.451693931925174041e-01 5.622788665084101911e-01 0.000000000000000000e+00
-7.398633737694559898e-01 8.148985392898877578e-01 0.000000000000000000e+00
1.177893013368523478e+00 -6.183930690413123044e-01 1.000000000000000000e+00
2.050585866274245994e+00 -2.735838155145903228e-02 1.000000000000000000e+00
1.169542000853234676e+00 -6.791131920504138719e-01 1.000000000000000000e+00
9.264830162358423937e-01 -6.804824342793556191e-01 1.000000000000000000e+00
1.636280917540403612e+00 -4.711165749229933031e-01 1.000000000000000000e+00
-1.278961282466054283e-01 9.607510828777424683e-01 0.000000000000000000e+00
-7.928118182170335038e-01 6.329869605736631044e-01 0.000000000000000000e+00
1.303882872530434944e-01 9.392588028413738632e-01 0.000000000000000000e+00
-8.126103410329801324e-01 4.992447369070373009e-01 0.000000000000000000e+00
7.921053853020131319e-01 -6.797032582621432839e-01 1.000000000000000000e+00
3.048367184604406921e-01 -2.904848989543518112e-01 1.000000000000000000e+00
4.105898791690203442e-01 9.124584461572764482e-01 0.000000000000000000e+00
1.627573680155001423e-01 -1.882024845231576315e-01 1.000000000000000000e+00
8.520609106010121891e-01 5.116425359474797707e-01 0.000000000000000000e+00
8.955232071736340949e-02 3.958442490701247207e-01 1.000000000000000000e+00
1.633106976972490632e+00 -5.355822995475798542e-01 1.000000000000000000e+00
3.655535675997278328e-02 2.306117419958959025e-01 1.000000000000000000e+00
1.377204358465308420e+00 -6.735584444252109559e-01 1.000000000000000000e+00
6.792077837639323712e-02 9.562706262409080837e-01 0.000000000000000000e+00
1.185364654370921200e-02 1.074200629034647525e+00 0.000000000000000000e+00
9.412338236378645639e-01 4.589275829188205758e-01 0.000000000000000000e+00
9.638847883118731863e-01 3.165677007113987251e-01 0.000000000000000000e+00
-9.959671701106719288e-01 2.625616524572844668e-01 0.000000000000000000e+00
1.492457192435472590e+00 -4.823761833368881424e-01 1.000000000000000000e+00
-9.231545387245582157e-02 1.015550766402729232e+00 0.000000000000000000e+00
7.961875456685296726e-02 1.769547643655194902e-01 1.000000000000000000e+00
1.139453184866402013e+00 1.705418070750759074e-01 0.000000000000000000e+00
1.491547406809643261e+00 -6.601937674213722573e-01 1.000000000000000000e+00
-4.132982717836973796e-01 8.409095237482393514e-01 0.000000000000000000e+00
2.312954593074195708e-01 -1.683013749787701241e-01 1.000000000000000000e+00
1.954082658412120921e+00 -6.349745274675799855e-02 1.000000000000000000e+00
1.722461335822164652e-02 2.668204085002424675e-01 1.000000000000000000e+00
1.839017648073786093e+00 -2.251541976525657240e-01 1.000000000000000000e+00
2.662157563226767998e-01 -1.300416904287530762e-01 1.000000000000000000e+00
8.444174518194393908e-01 -6.577292338405409389e-01 1.000000000000000000e+00
8.348281948905611483e-02 6.762743411722266229e-02 1.000000000000000000e+00
-8.235177941312152861e-01 4.755364283708538586e-01 0.000000000000000000e+00
3.365640247732135659e-01 -1.891968682540527136e-01 1.000000000000000000e+00
-2.953894699853640282e-02 9.988226439625306208e-01 0.000000000000000000e+00
3.919644971912944476e-01 -2.791889063666262438e-01 1.000000000000000000e+00
9.679703729748183605e-01 5.148894198462139471e-01 0.000000000000000000e+00
2.082628421889921866e-02 4.057418542780898418e-01 1.000000000000000000e+00
4.007409971467480458e-01 -3.167918678287646728e-01 1.000000000000000000e+00
-7.103967523435650300e-01 7.231713738953863269e-01 0.000000000000000000e+00
5.281631818737457795e-01 9.562858937433810214e-01 0.000000000000000000e+00
8.653208726225485314e-01 3.591652696216313112e-01 0.000000000000000000e+00
-8.976587257261631203e-01 4.224559513325023552e-01 0.000000000000000000e+00
-8.907327877593668175e-01 4.526773960697101917e-01 0.000000000000000000e+00
1.252783767184583730e-01 -8.576355930528567484e-02 1.000000000000000000e+00
-9.242604474290865291e-01 2.100622885860995437e-01 0.000000000000000000e+00
2.619387860171372706e-01 1.058862553379316784e+00 0.000000000000000000e+00
9.219622421114279653e-01 -7.594669817488535202e-01 1.000000000000000000e+00
9.901589720251118276e-01 2.973321558768540762e-01 0.000000000000000000e+00
-1.101792676374174773e-01 1.062944422769964481e+00 0.000000000000000000e+00
2.046239870691376195e-01 -2.200788034080573830e-02 1.000000000000000000e+00
3.426298322104043836e-01 -4.329836932298405383e-01 1.000000000000000000e+00
7.922937722218108547e-01 5.947226951140319740e-01 0.000000000000000000e+00
7.742940965664072417e-01 7.769927210700705578e-01 0.000000000000000000e+00
-9.115352215732399621e-01 5.109325013209470301e-01 0.000000000000000000e+00
-4.486857432582312954e-01 9.230175074498286891e-01 0.000000000000000000e+00
1.065845720984564426e+00 3.481138805864765207e-01 0.000000000000000000e+00
-8.319252749924057611e-01 6.489393935539655711e-01 0.000000000000000000e+00
6.934646317009873773e-01 7.612885595890246382e-01 0.000000000000000000e+00
5.358966814531386236e-01 8.655633706579216602e-01 0.000000000000000000e+00
1.709547065923094245e+00 -6.371724090824221198e-01 1.000000000000000000e+00
7.668635403002265205e-01 -5.813895645533058154e-01 1.000000000000000000e+00
7.222655290246956516e-01 7.966674320476057058e-01 0.000000000000000000e+00
1.066180813095112478e+00 -6.267709199412561938e-02 0.000000000000000000e+00
9.914417261115573421e-01 4.763473950584504735e-01 0.000000000000000000e+00
1.226202377106662966e-01 1.112707643220079978e-01 1.000000000000000000e+00
6.723908959855658951e-01 7.990494440303930190e-01 0.000000000000000000e+00
1.470980390333258281e-01 9.870037562513913620e-01 0.000000000000000000e+00
-4.661291314665549912e-01 7.743459241075559829e-01 0.000000000000000000e+00
1.114072257751551831e+00 1.830956298493057743e-01 0.000000000000000000e+00
-6.801507322011055567e-01 6.295183722110970770e-01 0.000000000000000000e+00
7.513926270122747164e-01 6.744049077424210115e-01 0.000000000000000000e+00
-7.882626530503297202e-01 4.507250978284646492e-01 0.000000000000000000e+00
-5.073904237374665671e-02 1.007386126705754226e+00 0.000000000000000000e+00
1.475801713863140963e+00 -6.404347624561281815e-01 1.000000000000000000e+00
9.380508325833715189e-01 -7.106541186383489306e-01 1.000000000000000000e+00
5.982999384227893902e-01 7.901924208972548325e-01 0.000000000000000000e+00
2.698249027065347527e-01 -3.478724269445343520e-01 1.000000000000000000e+00
-9.544823510619049323e-01 3.679839549858045511e-01 0.000000000000000000e+00
2.027188963909773545e+00 -1.576220971699815732e-01 1.000000000000000000e+00
9.357475720742589598e-01 6.543398759634275197e-02 0.000000000000000000e+00
1.038167834242141874e+00 -1.092433511827525516e-01 0.000000000000000000e+00
-6.046844538497553323e-02 1.075921907615291717e+00 0.000000000000000000e+00
4.536557617213451410e-01 8.737692394394522832e-01 0.000000000000000000e+00
6.367576247743755857e-01 -5.991012153234320792e-01 1.000000000000000000e+00
8.122098318761101776e-01 -5.005947779023690591e-01 1.000000000000000000e+00
6.417615858201672907e-01 8.147753243698289127e-01 0.000000000000000000e+00
1.008889848225674957e+00 5.181522347042173404e-01 0.000000000000000000e+00
2.012782048349462727e+00 -8.443990105975779370e-02 1.000000000000000000e+00
8.363562343290530110e-02 9.459218783475741299e-01 0.000000000000000000e+00
5.387315925869452793e-02 2.103049993000501161e-01 1.000000000000000000e+00
4.195050656163699099e-01 -4.011562115555288854e-01 1.000000000000000000e+00
-3.310160979976778384e-02 9.243868725295306676e-01 0.000000000000000000e+00
7.604799238742193657e-01 5.468372584207206177e-01 0.000000000000000000e+00
9.327312488179273497e-01 5.821411499377693310e-01 0.000000000000000000e+00
6.928522899112502520e-01 7.970760771625751140e-01 0.000000000000000000e+00
2.424598678080689684e-01 -1.372902199960789327e-01 1.000000000000000000e+00
9.478482720944961804e-01 -7.626977540978116532e-02 0.000000000000000000e+00
-6.101816835113833548e-01 8.146996322236148558e-01 0.000000000000000000e+00
-1.712614183569513004e-01 9.887238727117414472e-01 0.000000000000000000e+00
-3.215742550755341655e-01 7.944591755492546037e-01 0.000000000000000000e+00
1.629152093859373429e-02 3.321526254408098122e-01 1.000000000000000000e+00
-9.917831348845136397e-01 9.891320600353224746e-02 0.000000000000000000e+00
9.461774586869684533e-01 5.931927323706673860e-01 0.000000000000000000e+00
1.936726151787804495e+00 -3.664556927937708819e-01 1.000000000000000000e+00
-7.200667837605744248e-01 7.575450556763618781e-01 0.000000000000000000e+00
9.654025541714954528e-01 3.916911886577323920e-01 0.000000000000000000e+00
1.249201557293588560e-01 3.071355513894306610e-01 1.000000000000000000e+00
9.529686586198706788e-01 1.699816268114572870e-01 0.000000000000000000e+00
1.530072749808704335e+00 -5.898497341534987282e-01 1.000000000000000000e+00
4.901158919028439365e-01 8.686215707760371885e-01 0.000000000000000000e+00
7.521928759561384847e-01 -7.818064316162761651e-01 1.000000000000000000e+00
5.634912061434307340e-01 -5.919824629877913358e-01 1.000000000000000000e+00
-1.748024750844571762e-01 9.895289980030157473e-01 0.000000000000000000e+00
1.683155876948635665e+00 -5.443542050202492266e-01 1.000000000000000000e+00
-6.462033612668404148e-01 7.294647978896852125e-01 0.000000000000000000e+00
-9.807592225699647281e-01 4.311266231116998582e-01 0.000000000000000000e+00
5.903552081332341661e-01 8.251716862489704152e-01 0.000000000000000000e+00
1.508775528049054904e+00 -6.910685741519648762e-01 1.000000000000000000e+00
1.915574486060370063e+00 -2.987323117906862113e-01 1.000000000000000000e+00
1.772571464014494946e+00 -5.663870871632296078e-01 1.000000000000000000e+00
5.648061719667748365e-02 3.454616812045406271e-01 1.000000000000000000e+00
3.000871661433771598e-01 9.128665717139958780e-01 0.000000000000000000e+00
7.060088951138703273e-01 -7.761482845389777729e-01 1.000000000000000000e+00
6.596228658628147112e-01 7.290969355501276672e-01 0.000000000000000000e+00
1.620675067037485650e+00 -4.735645855349226441e-01 1.000000000000000000e+00
9.542499606400300927e-01 5.500513578650063629e-01 0.000000000000000000e+00
-2.116234090195204254e-02 9.548787386354667950e-01 0.000000000000000000e+00
-1.031983147013372681e+00 2.278016657235596987e-01 0.000000000000000000e+00
-8.701825937676403999e-01 4.888803664818170969e-01 0.000000000000000000e+00
3.345821837824655698e-03 1.760515328931749890e-01 1.000000000000000000e+00
2.093782384707744970e-01 -6.892045708505523116e-02 1.000000000000000000e+00
5.380939109882196814e-01 8.823077702388003596e-01 0.000000000000000000e+00
4.608463293154592133e-01 -5.010240394820981713e-01 1.000000000000000000e+00
3.169257928344629271e-02 1.011030576051847207e+00 0.000000000000000000e+00
-4.305318523026968602e-01 9.731841164872141459e-01 0.000000000000000000e+00
1.005987047338646745e+00 -1.154852165331687885e-01 0.000000000000000000e+00
4.806154935416631080e-01 8.670039706613811292e-01 0.000000000000000000e+00
1.031063116964142212e+00 -1.150571387877036833e-01 0.000000000000000000e+00
2.045500990257109297e+00 -1.994337596521456035e-02 1.000000000000000000e+00
2.055808741235531922e+00 -5.658109662807742080e-02 1.000000000000000000e+00
1.724573644204690392e+00 -4.488681410224329427e-01 1.000000000000000000e+00
4.272314773041158698e-01 1.033471865959912472e+00 0.000000000000000000e+00
-7.591251848219121579e-02 1.096990886334227033e+00 0.000000000000000000e+00
-9.004290840861900458e-01 2.755193062060801168e-01 0.000000000000000000e+00
5.237553889954524311e-02 1.026722276976248516e+00 0.000000000000000000e+00
1.482812296500982986e-02 2.742224848230545402e-03 1.000000000000000000e+00
1.483223882586695019e+00 -5.812985088042499360e-01 1.000000000000000000e+00
-1.969795763087862639e-01 1.021475100337373432e+00 0.000000000000000000e+00
6.003929031561420215e-01 1.012554911983490680e+00 0.000000000000000000e+00
5.929908211330701118e-01 9.835736228471798626e-01 0.000000000000000000e+00
-2.883258395648607975e-02 1.046853279093575395e+00 0.000000000000000000e+00
2.160461455901314665e+00 -1.539373221321582719e-03 1.000000000000000000e+00
3.195723190812717052e-01 9.481515820446989595e-01 0.000000000000000000e+00
1.206652604072598611e-01 1.608338766866669253e-02 1.000000000000000000e+00
1.862154300666824414e+00 -4.675112220531103535e-01 1.000000000000000000e+00
1.965193152780572827e+00 -2.079898133583995556e-01 1.000000000000000000e+00
1.001914612810726135e+00 2.913575513209136769e-01 0.000000000000000000e+00
1.827563420125029703e+00 -4.362005741233871969e-01 1.000000000000000000e+00
1.480843024490619664e+00 -6.176797412829695411e-01 1.000000000000000000e+00
9.543554484692883255e-01 1.222281348616571228e-01 0.000000000000000000e+00
4.679796131248585289e-01 9.177704363078360572e-01 0.000000000000000000e+00
2.009214256057559655e+00 2.504924670310915147e-01 1.000000000000000000e+00
-3.559247155319276157e-01 9.459044457155616481e-01 0.000000000000000000e+00
4.762831139884162734e-01 -5.134824672690213587e-01 1.000000000000000000e+00
1.358347624943150034e-01 4.093169203794020383e-01 1.000000000000000000e+00
1.012856922964618489e+00 3.475389129445330960e-01 0.000000000000000000e+00
1.136301322371199990e-01 1.098980010199339385e-01 1.000000000000000000e+00
7.170172744597960168e-01 -5.879352871446743567e-01 1.000000000000000000e+00
-1.010806530723723951e+00 4.034022711513018944e-01 0.000000000000000000e+00
-8.965614304010065538e-01 2.954787479838564823e-01 0.000000000000000000e+00
2.015719623317943743e+00 -1.984794705506882917e-01 1.000000000000000000e+00
3.545763686148425409e-01 8.869101741873028910e-01 0.000000000000000000e+00
1.889822996482529049e+00 -2.965089703855451897e-01 1.000000000000000000e+00
6.873237230778507512e-02 3.948481644800940216e-01 1.000000000000000000e+00
5.417719537183522949e-01 9.222066023856627659e-01 0.000000000000000000e+00
9.861805437418663667e-01 -6.106767774450951869e-01 1.000000000000000000e+00
1.941299430203217824e+00 -2.845127913257816110e-01 1.000000000000000000e+00
-1.961709531094312786e-01 8.994351742866375510e-01 0.000000000000000000e+00
1.241494890008586260e+00 -6.693116175054187877e-01 1.000000000000000000e+00
-7.972055886464228802e-01 4.569785456248283140e-01 0.000000000000000000e+00
5.257870493570034887e-01 -6.222537717410030478e-01 1.000000000000000000e+00
9.316811495020507206e-01 3.463708178670782400e-01 0.000000000000000000e+00
3.106652101503560304e-01 -2.335394096168176836e-01 1.000000000000000000e+00
1.723126539843922833e+00 -3.895595499726661193e-01 1.000000000000000000e+00
3.339753875757946883e-02 4.096719606432280281e-01 1.000000000000000000e+00
8.836786286304394444e-01 2.053163233594140491e-01 0.000000000000000000e+00
2.310557439365363563e-01 1.017997290924301357e+00 0.000000000000000000e+00
9.122873675614814326e-01 -6.881313421218684390e-01 1.000000000000000000e+00
1.661786811818452669e+00 -5.032238244758078238e-01 1.000000000000000000e+00
-5.614585634487098686e-02 9.000375843603837245e-01 0.000000000000000000e+00
8.126696907338724074e-01 7.293941679005750967e-01 0.000000000000000000e+00
5.110000369156961764e-01 9.338640069831118939e-01 0.000000000000000000e+00
5.558956830162619100e-01 -4.995700987901660062e-01 1.000000000000000000e+00
6.744169522106979731e-01 -6.306031662652475944e-01 1.000000000000000000e+00
7.984477669328872151e-01 -7.242184133084297315e-01 1.000000000000000000e+00
9.183713401011145416e-01 5.067783677353973060e-01 0.000000000000000000e+00
-4.314514921345569132e-01 8.182323558399110519e-01 0.000000000000000000e+00
9.503542053665112732e-01 2.067904669630095116e-01 0.000000000000000000e+00
4.748073316549314971e-01 9.496930791109616798e-01 0.000000000000000000e+00
-3.618408987470037030e-01 8.592316575548710755e-01 0.000000000000000000e+00
5.983962808523557442e-01 8.193966370675088706e-01 0.000000000000000000e+00
-6.936746859217106653e-01 6.406002842789513263e-01 0.000000000000000000e+00
1.960658008561593224e+00 -1.472595898110801160e-01 1.000000000000000000e+00
1.910712654186681236e+00 -2.132782333928040785e-01 1.000000000000000000e+00
7.232881803710833335e-01 7.944984562241174109e-01 0.000000000000000000e+00
1.942004420733999925e+00 -2.972685089422902327e-01 1.000000000000000000e+00
1.618634418109744511e+00 -5.532114680195738821e-01 1.000000000000000000e+00
1.622565062841435868e+00 -5.249502056726457200e-01 1.000000000000000000e+00
4.432431603107928053e-01 9.117583895292884488e-01 0.000000000000000000e+00
-9.378124630072957046e-01 4.861745220203483320e-01 0.000000000000000000e+00
9.934816040584226737e-01 5.677377098896789764e-01 0.000000000000000000e+00
7.576361345904177869e-01 -5.628320309326558801e-01 1.000000000000000000e+00
5.539125820831928282e-01 -6.239445838785007137e-01 1.000000000000000000e+00
1.426425646941447578e+00 -6.451055026699724637e-01 1.000000000000000000e+00
2.032150449945225645e+00 6.944431117773625095e-02 1.000000000000000000e+00
9.402094890921132153e-01 -6.954694205017252218e-01 1.000000000000000000e+00
-1.016810147124997288e+00 3.108353705080773022e-01 0.000000000000000000e+00
9.773206090223149900e-01 -1.962408802155851673e-01 0.000000000000000000e+00
1.332810263215858715e+00 -6.375743452684679013e-01 1.000000000000000000e+00
1.545134872769610590e+00 -6.130920674473057108e-01 1.000000000000000000e+00
-5.094345145419114651e-01 7.657642591444531188e-01 0.000000000000000000e+00
-8.396740482564658548e-01 4.522565465624522885e-01 0.000000000000000000e+00
1.805761365646893379e+00 -3.912409724848386894e-01 1.000000000000000000e+00
6.308728898746254754e-02 3.911560918152961475e-01 1.000000000000000000e+00
4.806430152372723752e-01 -5.167832900550867192e-01 1.000000000000000000e+00
1.101086458710193394e+00 9.786561683132311007e-02 0.000000000000000000e+00
1.122963786002286968e+00 -5.917775319867859540e-01 1.000000000000000000e+00
6.662331693055704163e-01 -6.255776894690313616e-01 1.000000000000000000e+00
2.781899132636701522e-01 -1.398278939019595990e-01 1.000000000000000000e+00
1.112316376994209710e+00 -7.243267776257751311e-01 1.000000000000000000e+00
1.012460492836389170e+00 -1.393572818268508096e-01 0.000000000000000000e+00
3.729252297199385224e-01 -3.006547397439380820e-01 1.000000000000000000e+00
1.210649521821015817e+00 -6.323849027915675602e-01 1.000000000000000000e+00
1.030073999134782259e+00 7.157295717867961926e-02 0.000000000000000000e+00
1.561747118178009597e+00 -5.224378868916119689e-01 1.000000000000000000e+00
1.927473100145420615e+00 -3.942483300697122162e-01 1.000000000000000000e+00
-3.361162486238695735e-01 1.040411653679470971e+00 0.000000000000000000e+00
1.040329197616547408e+00 1.337071996003561525e-01 0.000000000000000000e+00
9.804767039370132498e-01 1.064175657281208887e-01 0.000000000000000000e+00
9.364369555653796473e-01 4.600404268189745016e-01 0.000000000000000000e+00
3.505436168775949990e-01 -3.691505184745696444e-01 1.000000000000000000e+00
2.429991712451448072e-01 1.024920001986074469e+00 0.000000000000000000e+00
-5.541999549617688814e-01 8.831606438912829038e-01 0.000000000000000000e+00
1.195503672602641065e-01 -1.258448047883367615e-01 1.000000000000000000e+00
2.071141232899796902e-01 3.288427131887706328e-02 1.000000000000000000e+00
6.153315930300978787e-01 -5.280576682266804323e-01 1.000000000000000000e+00
3.219347533728952326e-01 -3.146473728116130908e-01 1.000000000000000000e+00
-6.890331937690097330e-01 7.289932300851166280e-01 0.000000000000000000e+00
8.636016391927787972e-02 2.710074898623623385e-01 1.000000000000000000e+00
-6.209546730816386528e-01 7.706401331257017873e-01 0.000000000000000000e+00
1.912236340595687256e+00 1.996079325088645495e-02 1.000000000000000000e+00
1.054339888840209127e+00 -3.119001027719953134e-02 0.000000000000000000e+00
6.463410918572862762e-01 7.965780617111767326e-01 0.000000000000000000e+00
-9.397845004759467491e-01 4.670590745871314731e-01 0.000000000000000000e+00
-8.161060208717434428e-01 6.807556705779218564e-01 0.000000000000000000e+00
1.008592219016887004e+00 2.778009547571294591e-01 0.000000000000000000e+00
1.896222400655394713e+00 -3.333159031160178865e-01 1.000000000000000000e+00
9.145115358371886938e-01 -6.378020121052201397e-01 1.000000000000000000e+00
1.313982411923644567e-01 1.809370838233806955e-01 1.000000000000000000e+00
2.661182184251821292e-01 9.869843355568329590e-01 0.000000000000000000e+00
2.115503991070898648e-01 9.219197992381510387e-01 0.000000000000000000e+00
1.342258021712857463e+00 -7.880786014230428682e-01 1.000000000000000000e+00
3.901135789386814823e-01 1.021208429806398588e+00 0.000000000000000000e+00
1.400225605010056773e+00 -6.863294153883232607e-01 1.000000000000000000e+00
1.058588092241584011e+00 -6.686167646865208702e-01 1.000000000000000000e+00
-1.305307398900887872e-01 1.012420993122874258e+00 0.000000000000000000e+00
5.435410506122459462e-02 3.089215486706168301e-01 1.000000000000000000e+00
2.989730374150838532e-01 -2.350647411800964315e-01 1.000000000000000000e+00
-7.611763935776285628e-01 6.429674700756859984e-01 0.000000000000000000e+00
-1.153312480590163447e-01 1.036590873497181597e+00 0.000000000000000000e+00
8.161875222123365914e-01 8.399183337024256346e-01 0.000000000000000000e+00
4.860092347855650141e-01 -4.845979431996639830e-01 1.000000000000000000e+00
6.910713665989127730e-01 -6.024762638665485115e-01 1.000000000000000000e+00
1.279587942615406648e+00 -7.189163248238588100e-01 1.000000000000000000e+00
9.183388596070882759e-01 -2.708519800353503815e-02 0.000000000000000000e+00
2.900507136647131889e-02 9.940397979069759415e-01 0.000000000000000000e+00
1.721121674611928443e-01 3.868414960453358531e-01 1.000000000000000000e+00
-3.422117147369447276e-01 9.416639710493243109e-01 0.000000000000000000e+00
6.589260497086467661e-01 8.285531030631930749e-01 0.000000000000000000e+00
2.076769621320232240e+00 -1.665308542104299017e-02 1.000000000000000000e+00
4.976236205887719644e-01 -4.796001505664163611e-01 1.000000000000000000e+00
-2.941594910812415642e-01 9.274393165882013346e-01 0.000000000000000000e+00
2.207961317609334895e-01 -1.216506776566168013e-01 1.000000000000000000e+00
8.144654345109395566e-01 4.980025230445953577e-01 0.000000000000000000e+00
5.456879972577384219e-01 8.818860667966412770e-01 0.000000000000000000e+00
1.613780796131144113e+00 -4.261483377754370361e-01 1.000000000000000000e+00
1.806454151156785093e+00 -2.235428559351661792e-01 1.000000000000000000e+00
2.526167895953977671e-02 4.472893171855005789e-01 1.000000000000000000e+00
9.628167482831664348e-01 -7.670829636838868981e-02 0.000000000000000000e+00
7.254216603426163479e-01 -5.595810045129223642e-01 1.000000000000000000e+00
5.565318667152934218e-01 7.842657466403604172e-01 0.000000000000000000e+00
8.631403144791554016e-01 5.544185044988854116e-01 0.000000000000000000e+00
1.013100610455184514e+00 1.150940263291077292e-01 0.000000000000000000e+00
-4.299884548646992766e-02 9.426516815582585140e-01 0.000000000000000000e+00
1.266939937986772513e+00 -6.280724767921315177e-01 1.000000000000000000e+00
-2.069762475260581158e-01 1.065789310244076304e+00 0.000000000000000000e+00
2.057469199996508458e+00 7.845324906682205057e-02 1.000000000000000000e+00
1.472687748005165220e+00 -5.668228361118055059e-01 1.000000000000000000e+00
1.970650413556010561e+00 -1.040231335753713793e-01 1.000000000000000000e+00
1.837657050330913089e-01 -7.067670572379215754e-02 1.000000000000000000e+00
2.449296938427391046e-01 9.754524299983360347e-01 0.000000000000000000e+00
2.797073368038924257e-01 -2.238552940123089974e-01 1.000000000000000000e+00
1.130507105009637137e+00 -5.981346248411442135e-01 1.000000000000000000e+00
1.308243059576424949e-01 1.005922429132091844e+00 0.000000000000000000e+00
7.448204124805691828e-01 -6.917488891701309983e-01 1.000000000000000000e+00
-1.081465631376682668e-01 1.104628890785919415e+00 0.000000000000000000e+00
1.045109760489647099e+00 2.250170404147245895e-01 0.000000000000000000e+00
4.949900220673020962e-02 2.800614106040578144e-01 1.000000000000000000e+00
1.052596187900690428e+00 2.644182986332894170e-01 0.000000000000000000e+00
7.712077054270438659e-01 -6.125934831846077122e-01 1.000000000000000000e+00
8.672618977418885544e-01 -6.008559885957627245e-01 1.000000000000000000e+00
8.377526692591441559e-01 4.956848815720275025e-01 0.000000000000000000e+00
1.426802992904776302e+00 -6.226293876671458172e-01 1.000000000000000000e+00
-2.094676155654799088e-01 1.083857449466861800e+00 0.000000000000000000e+00
3.049583574543156955e-02 1.885182404149427227e-01 1.000000000000000000e+00
1.475782897705175678e+00 -6.341516729713205791e-01 1.000000000000000000e+00
-8.881551285538440421e-01 4.015631058645720008e-01 0.000000000000000000e+00
4.182741813921753149e-03 9.533851975577242177e-01 0.000000000000000000e+00
-8.735288569346127963e-02 1.074799430229680386e+00 0.000000000000000000e+00
8.894830358740247744e-01 6.015197995934411512e-01 0.000000000000000000e+00
-5.614916381038599358e-01 7.610372344385130106e-01 0.000000000000000000e+00
9.767270654316977385e-01 -7.414563347865821274e-01 1.000000000000000000e+00
1.194963328985642725e+00 -6.431698280499599241e-01 1.000000000000000000e+00
1.305699736672339129e-01 2.425799568793745586e-01 1.000000000000000000e+00
1.320641602861578612e-01 -8.586808259863487613e-02 1.000000000000000000e+00
-2.042852984738867117e-01 1.021310883413374171e+00 0.000000000000000000e+00
-1.018286322411530831e+00 5.369876095135686089e-01 0.000000000000000000e+00
1.265237209087107240e-01 1.102012361743528457e+00 0.000000000000000000e+00
2.807898412981676417e-01 -2.515505702421427792e-01 1.000000000000000000e+00
2.081769572354895015e+00 8.031368465012495017e-02 1.000000000000000000e+00
2.181402759753535148e-01 8.604143490686135820e-01 0.000000000000000000e+00
8.088646978635347651e-01 6.920244879042103392e-01 0.000000000000000000e+00
1.181368689364901803e+00 -6.464614637353760518e-01 1.000000000000000000e+00
4.331336951623212528e-01 -3.438213555552644407e-01 1.000000000000000000e+00
2.272995743829752668e-01 -1.110142481709193996e-01 1.000000000000000000e+00
1.332052753189539585e-01 9.651178978545985054e-02 1.000000000000000000e+00
-4.390893250384265700e-01 8.694136722755529956e-01 0.000000000000000000e+00
2.084209313700948751e+00 -5.298962877566959495e-02 1.000000000000000000e+00
3.397236075659622045e-01 -5.385918933541842257e-01 1.000000000000000000e+00
7.384747968720490885e-01 7.758201621968083828e-01 0.000000000000000000e+00
-8.728276504764772570e-01 7.448679784609695265e-01 0.000000000000000000e+00
4.348753867582110799e-01 -3.891424405281257437e-01 1.000000000000000000e+00
9.205545756384576617e-01 -1.672092079575083212e-01 0.000000000000000000e+00
7.495711328572008947e-01 -6.547305713843378783e-01 1.000000000000000000e+00
1.079115080736924526e+00 9.891333660356224633e-02 0.000000000000000000e+00
3.747738538232601724e-01 -3.090226501834097972e-01 1.000000000000000000e+00
2.077688703545421678e-01 -2.889579394681830449e-01 1.000000000000000000e+00
3.911961699949617066e-01 9.080039884227794067e-01 0.000000000000000000e+00
3.868349878602972414e-01 8.368479784873648075e-01 0.000000000000000000e+00
1.972982031803062197e+00 -3.098791185712296836e-01 1.000000000000000000e+00
6.414729838282307028e-01 -6.420069685432505668e-01 1.000000000000000000e+00
-1.035338527900003580e+00 2.697940380301852570e-01 0.000000000000000000e+00
-8.421795474673554605e-01 6.127328074087685650e-01 0.000000000000000000e+00
1.031361371568146001e+00 -7.393902708523285572e-01 1.000000000000000000e+00
1.032195410908528288e+00 -6.452340996740461021e-01 1.000000000000000000e+00
1.605941551044511861e-01 -1.799950506840068964e-01 1.000000000000000000e+00
-8.936268989514243311e-01 6.572339348692850525e-01 0.000000000000000000e+00
2.072890984720332952e+00 -8.588164255122876511e-03 1.000000000000000000e+00
2.060455709362959187e+00 -1.650915329628682704e-01 1.000000000000000000e+00
1.018987507773121193e+00 4.552896370639163415e-01 0.000000000000000000e+00
6.661697566382758229e-01 -4.952211016455516090e-01 1.000000000000000000e+00
7.159600707454226720e-01 -6.351575664336112093e-01 1.000000000000000000e+00
-5.755927808271299462e-01 8.256227670815629027e-01 0.000000000000000000e+00
4.167613528401748479e-01 -4.347695434990943020e-01 1.000000000000000000e+00
7.488633177194936597e-01 6.551842827118282697e-01 0.000000000000000000e+00
1.452648365964425592e+00 -5.629199430686686600e-01 1.000000000000000000e+00
4.908373560997743024e-01 8.514627950812704293e-01 0.000000000000000000e+00
2.051163757933974097e+00 -2.447820419753432009e-01 1.000000000000000000e+00
1.694529499722249311e+00 -4.769608926560898743e-01 1.000000000000000000e+00
4.849410320771623817e-01 -5.424378171706408791e-01 1.000000000000000000e+00
-4.990645675700681738e-01 9.104587700780913950e-01 0.000000000000000000e+00
1.810230588015896425e+00 -1.378083864773391731e-01 1.000000000000000000e+00
9.782358497469985092e-01 -5.647144952354965497e-01 1.000000000000000000e+00
-5.942253733857760789e-01 6.797300109860837658e-01 0.000000000000000000e+00
1.977666706469173752e+00 -2.613204521908964462e-01 1.000000000000000000e+00
2.061473080125791668e+00 -1.281338862865544215e-02 1.000000000000000000e+00
1.701136220476815453e+00 -4.429317141921930157e-01 1.000000000000000000e+00
3.620773049650301556e-01 -3.880069167257579887e-01 1.000000000000000000e+00
1.558322972816296392e+00 -4.700168707977702143e-01 1.000000000000000000e+00
2.325988371445976699e-01 -5.855150084233287644e-02 1.000000000000000000e+00
6.181924939541857400e-01 8.235508419898693866e-01 0.000000000000000000e+00
-2.954732578586500846e-01 9.143740647536963140e-01 0.000000000000000000e+00
1.371131419485656311e+00 -5.768209258138965456e-01 1.000000000000000000e+00
-6.641840435370587326e-01 7.753616983819235919e-01 0.000000000000000000e+00
5.348335224904671170e-02 4.645038724153747745e-01 1.000000000000000000e+00
4.867673859405533543e-01 9.452411875229348448e-01 0.000000000000000000e+00
1.663811757051568696e+00 -4.575996417032526242e-01 1.000000000000000000e+00
-4.552037088384042196e-01 9.638506734552687583e-01 0.000000000000000000e+00
1.133478725770475509e-01 2.348298435671749076e-02 1.000000000000000000e+00
1.919932356953236496e+00 -2.813174750943445712e-01 1.000000000000000000e+00
9.771030881795431666e-01 -7.068773185764667399e-01 1.000000000000000000e+00
9.154465760965617704e-01 6.816525195595229958e-01 0.000000000000000000e+00
5.429664274092630416e-01 -5.180672706494454660e-01 1.000000000000000000e+00
1.034255153674022099e+00 -7.087682929965568590e-01 1.000000000000000000e+00
5.466287112524748082e-01 8.221157607175643145e-01 0.000000000000000000e+00
3.392910781195385139e-03 1.074177887525548547e+00 0.000000000000000000e+00
1.139865371117236847e+00 -7.570008522973367127e-01 1.000000000000000000e+00
2.105919943921541471e-01 -3.469727686559554436e-01 1.000000000000000000e+00
1.482070646080450471e+00 -5.692508685358791398e-01 1.000000000000000000e+00
9.644273388768809241e-01 -6.652799669132187788e-01 1.000000000000000000e+00
1.066263639974154076e+00 -1.278147207270988184e-02 0.000000000000000000e+00
3.432128416522591680e-02 2.831883828872472017e-02 1.000000000000000000e+00
1.390684362169993804e-01 4.917849510613597763e-01 1.000000000000000000e+00
1.019242837941825464e+00 -7.338735315397213466e-01 1.000000000000000000e+00
-8.678684970409121791e-01 4.591492649201838749e-01 0.000000000000000000e+00
8.970730678875085129e-01 -6.891354184784048709e-01 1.000000000000000000e+00
-4.979140705096205544e-01 9.142821521579592714e-01 0.000000000000000000e+00
1.860049726665586212e+00 -3.623416341859486689e-01 1.000000000000000000e+00
1.026695296270140112e+00 2.902671308425976426e-01 0.000000000000000000e+00
8.433078364844286134e-02 1.444372386344679182e-01 1.000000000000000000e+00
1.971201542058885314e+00 2.233920323540344866e-01 1.000000000000000000e+00
-1.536696857871920618e-01 1.011107905662927298e+00 0.000000000000000000e+00
8.325850158044573179e-01 5.342812142912006790e-01 0.000000000000000000e+00
1.027462372822283809e+00 8.956258516873868980e-02 0.000000000000000000e+00
1.992962905144408881e+00 -2.157050993614556267e-01 1.000000000000000000e+00
3.635461350418888182e-01 -4.404166575822927587e-01 1.000000000000000000e+00
5.493291010356768922e-01 -4.612819050295378087e-01 1.000000000000000000e+00
5.027220343459479768e-01 9.326421753109369606e-01 0.000000000000000000e+00
8.722553321619768152e-01 5.734775204708393304e-01 0.000000000000000000e+00
5.680497874502150601e-01 9.361046718383054799e-01 0.000000000000000000e+00
1.305012598606236640e+00 -7.178592483863013296e-01 1.000000000000000000e+00
2.042712177138037877e+00 1.209424897067590265e-01 1.000000000000000000e+00
8.100251692914359758e-01 7.833973686019632954e-01 0.000000000000000000e+00
1.071891349239533497e-01 3.582999649992986702e-01 1.000000000000000000e+00
5.037040922896326295e-02 4.045952367449418552e-01 1.000000000000000000e+00
-6.438100924017065019e-01 7.196732119877840006e-01 0.000000000000000000e+00
1.981802654736725788e+00 -2.346690916496960433e-01 1.000000000000000000e+00
-4.863383941888436701e-01 7.749041255329732758e-01 0.000000000000000000e+00
9.050994917290526576e-02 9.882135220643102347e-01 0.000000000000000000e+00
9.042913116259284623e-01 5.026001868170197895e-01 0.000000000000000000e+00
2.371260270475598897e-02 3.093329356930479279e-01 1.000000000000000000e+00
2.639607146521944503e-01 -1.458982225918967757e-01 1.000000000000000000e+00
1.663789682954763260e-01 2.699859858131656853e-01 1.000000000000000000e+00
7.498439912189888146e-01 -6.992783336916833514e-01 1.000000000000000000e+00
8.796177564220283296e-01 5.625721675378017039e-01 0.000000000000000000e+00
2.145148554028504684e+00 6.280938756911991216e-02 1.000000000000000000e+00
7.330599417454809474e-01 7.812210688111602686e-01 0.000000000000000000e+00
1.058700746387865266e+00 -6.859776268927594289e-01 1.000000000000000000e+00
7.338609610186918042e-01 6.959222152274268103e-01 0.000000000000000000e+00
6.304733688433880601e-02 2.537613066988080868e-01 1.000000000000000000e+00
2.852774334204459250e-01 9.626477859226885148e-01 0.000000000000000000e+00
1.489370954051879359e+00 -4.890683729809299773e-01 1.000000000000000000e+00
1.186811873310330556e+00 -7.069712434395140077e-01 1.000000000000000000e+00
1.816606679329791252e+00 -3.084395832760364331e-01 1.000000000000000000e+00
1.714651595002072981e-02 1.077162180708386652e+00 0.000000000000000000e+00
6.371258436436287864e-01 7.849556091668234981e-01 0.000000000000000000e+00
3.586898173753149122e-01 -3.963480330040479171e-01 1.000000000000000000e+00
1.912969260478037281e+00 -1.914734247184506355e-01 1.000000000000000000e+00
2.015337147744684199e+00 -5.984174724312674165e-02 1.000000000000000000e+00
9.972366428425005758e-02 1.716743693367286244e-02 1.000000000000000000e+00
1.150894427318545077e+00 -7.038829878100425486e-01 1.000000000000000000e+00
1.830012282341065388e+00 -2.188543713804078639e-01 1.000000000000000000e+00
-9.458601013814941227e-01 3.804640424729859305e-01 0.000000000000000000e+00
1.718630637873032718e+00 -4.618502233215486252e-01 1.000000000000000000e+00
-1.417089563257783735e-01 1.026314721600394719e+00 0.000000000000000000e+00
8.921907376501441167e-01 3.926305588038140892e-01 0.000000000000000000e+00
2.116778363978831512e-01 -1.278025784693784250e-01 1.000000000000000000e+00
9.103814358691527664e-01 5.489765957334431512e-01 0.000000000000000000e+00
3.690960471394788001e-01 -3.400139379437709941e-01 1.000000000000000000e+00
-2.267048414501112719e-01 1.044769270384042326e+00 0.000000000000000000e+00
2.061964173234577036e+00 -1.635979275182663506e-01 1.000000000000000000e+00
4.905893197999148803e-01 -5.502116775122927184e-01 1.000000000000000000e+00
-7.155369289675297603e-03 4.196937617760667684e-04 1.000000000000000000e+00
7.958053158206445099e-01 -6.824183354500589216e-01 1.000000000000000000e+00
-7.175487594263693092e-01 7.220772626801715832e-01 0.000000000000000000e+00
1.448755071566055985e+00 -6.048791736489180781e-01 1.000000000000000000e+00
9.131051492467125996e-01 4.170290849021750512e-01 0.000000000000000000e+00
1.008743833503666920e+00 -6.467611024300614631e-01 1.000000000000000000e+00
9.190479560845334905e-01 9.972943262690719957e-02 0.000000000000000000e+00
9.513383435377539832e-03 3.307431867265857584e-01 1.000000000000000000e+00
1.314568604171025612e+00 -6.830526350437472471e-01 1.000000000000000000e+00
1.635059796107854124e+00 -5.294423588282739512e-01 1.000000000000000000e+00
4.201605394529426829e-01 8.824958654420490545e-01 0.000000000000000000e+00
5.234237140970927626e-01 9.105931866696466148e-01 0.000000000000000000e+00
-3.602039002737771334e-01 9.865840743023771564e-01 0.000000000000000000e+00
2.656516418992767026e-01 -2.737361161244293850e-01 1.000000000000000000e+00
1.422065035141364620e+00 -6.822732260193562492e-01 1.000000000000000000e+00
1.427575290052769674e-02 4.414382921372760338e-01 1.000000000000000000e+00
-1.024711942939184883e-01 9.927070201817538297e-01 0.000000000000000000e+00
1.734806192352978060e+00 -4.641261113663405768e-01 1.000000000000000000e+00
-5.721973245593602320e-01 8.242215754028372476e-01 0.000000000000000000e+00
1.731267689222539263e-01 -1.397787023494435621e-01 1.000000000000000000e+00
6.857701579675176684e-02 3.860220536740921471e-01 1.000000000000000000e+00
1.182706657924885996e-01 2.615571547160767119e-01 1.000000000000000000e+00
1.276707063548811583e+00 -5.893096657639745883e-01 1.000000000000000000e+00
3.364781560393273474e-01 -3.672788650577011316e-01 1.000000000000000000e+00
-8.802641939592802389e-01 2.650639970405588297e-01 0.000000000000000000e+00
1.260889265706974238e-02 9.118740557555284898e-01 0.000000000000000000e+00
-2.749198656589358913e-01 9.369698543221922638e-01 0.000000000000000000e+00
7.872433860902811054e-01 5.609454918474900964e-01 0.000000000000000000e+00
1.206472858877191801e+00 -6.959807968080296003e-01 1.000000000000000000e+00
2.706220362574698335e-01 1.004727705417234773e+00 0.000000000000000000e+00
1.673326004781593879e+00 -3.843474196092283579e-01 1.000000000000000000e+00
1.739175724387633515e-01 9.583922904824596634e-01 0.000000000000000000e+00
9.312482724076935892e-01 -6.863445537777838057e-01 1.000000000000000000e+00
1.921289601206498610e+00 -2.422715752336853101e-01 1.000000000000000000e+00
1.106730294899593181e+00 -2.770818255716181455e-02 0.000000000000000000e+00
-3.090108925618939573e-01 9.717053125033742189e-01 0.000000000000000000e+00
-8.294524504733683523e-01 4.562466219729847117e-01 0.000000000000000000e+00
-8.223006218937296552e-01 5.733992328565791219e-01 0.000000000000000000e+00
-7.356120600836391077e-01 6.564964413652143449e-01 0.000000000000000000e+00
-5.811961771952496303e-01 8.340704736984795309e-01 0.000000000000000000e+00
-5.947325448720249819e-01 7.652629841948974665e-01 0.000000000000000000e+00
2.041450639881789986e-01 -1.017236724348694193e-01 1.000000000000000000e+00
1.947161639069912020e-01 5.231344725703872545e-01 1.000000000000000000e+00
-7.558763531207473019e-01 6.285420116801870849e-01 0.000000000000000000e+00
-2.490863145139185775e-01 9.436079428947730108e-01 0.000000000000000000e+00
2.021797781815704909e+00 2.577467257894044961e-02 1.000000000000000000e+00
6.642838047198087459e-01 -5.806031929064822128e-01 1.000000000000000000e+00
8.741687234194319700e-01 6.437284027068903569e-01 0.000000000000000000e+00
1.852434879084496444e+00 -3.015989187433361640e-01 1.000000000000000000e+00
2.980119353095140311e-01 -2.963998029395114586e-01 1.000000000000000000e+00
-4.300167538086371311e-01 8.393419570890240378e-01 0.000000000000000000e+00
2.014060195034275136e+00 2.068728576802740249e-01 1.000000000000000000e+00
1.364470496602905591e-02 2.896927282831572303e-01 1.000000000000000000e+00
1.808778609938586301e+00 -2.441371122740296773e-01 1.000000000000000000e+00
1.216656814488423360e-01 1.100311303782147920e+00 0.000000000000000000e+00
4.517259552480886731e-01 9.102620416854986241e-01 0.000000000000000000e+00
7.441332662941138043e-01 -5.904497162109032526e-01 1.000000000000000000e+00
-4.178024484220868584e-01 1.047126791796064493e+00 0.000000000000000000e+00
3.145967265143194691e-01 9.924211959375088821e-01 0.000000000000000000e+00
1.954538019413452288e+00 -2.161301107128309751e-01 1.000000000000000000e+00
-8.877850236201864087e-01 4.294901139094531306e-01 0.000000000000000000e+00
3.320591004053825568e-01 1.019035934382115149e+00 0.000000000000000000e+00
-9.533182091210035125e-01 2.234594068321289206e-01 0.000000000000000000e+00
9.717666698587449359e-01 -7.721860632513926070e-01 1.000000000000000000e+00
1.400127746433016407e-01 -1.631072119044957580e-01 1.000000000000000000e+00
-2.792958231279731862e-01 1.001835715061698329e+00 0.000000000000000000e+00
1.046487494457008838e+00 1.703015615808237126e-01 0.000000000000000000e+00
6.932621453207536977e-01 -5.219448151552072979e-01 1.000000000000000000e+00
1.428911077081666425e+00 -5.740411944919384668e-01 1.000000000000000000e+00
8.291759603201176443e-01 -5.837136496013650699e-01 1.000000000000000000e+00
1.415463202981201429e-01 2.716461325624112688e-01 1.000000000000000000e+00
1.061287998757433071e-01 1.049516817233846266e+00 0.000000000000000000e+00
-4.889411039606249565e-01 7.307081207184187299e-01 0.000000000000000000e+00
2.032276279095738047e+00 8.832157009238372769e-02 1.000000000000000000e+00
-9.962104016744742774e-01 2.899587337499731077e-01 0.000000000000000000e+00
2.709134318429372579e-01 -3.702218225736695345e-01 1.000000000000000000e+00
4.660823192690935479e-01 -4.309438407334962307e-01 1.000000000000000000e+00
1.326612173419043472e+00 -6.678009424845245956e-01 1.000000000000000000e+00
8.050488660116922324e-01 6.437241170581295968e-01 0.000000000000000000e+00
7.446249261185968749e-01 6.828534554088073749e-01 0.000000000000000000e+00
1.088706880504278773e+00 -1.019346558618955262e-01 0.000000000000000000e+00
1.709385805248901491e+00 -4.252489991517255374e-01 1.000000000000000000e+00
8.632170769780609376e-01 -5.669453482587617499e-01 1.000000000000000000e+00
7.299392461926378084e-02 -8.511405178266940805e-03 1.000000000000000000e+00
-8.491421693333996989e-01 3.300886618972873610e-01 0.000000000000000000e+00
1.784012904169488767e+00 -3.965750834628842814e-01 1.000000000000000000e+00
1.195319123184692467e+00 -7.155726065226662991e-01 1.000000000000000000e+00
3.720202528690406685e-01 -2.526831805820957122e-01 1.000000000000000000e+00
9.466196605511203455e-01 -6.630175730606325812e-01 1.000000000000000000e+00
4.066465167921080592e-01 -4.836330797741430487e-01 1.000000000000000000e+00
2.035237416104156427e+00 7.711090507991069654e-03 1.000000000000000000e+00
1.498118715048069260e+00 -6.083712069295139635e-01 1.000000000000000000e+00
-8.240552619626537734e-01 5.413544404332906179e-01 0.000000000000000000e+00
-4.499557564448003477e-01 8.804437928643310540e-01 0.000000000000000000e+00
4.702745806117853977e-01 9.293707995375775077e-01 0.000000000000000000e+00
7.058725102091023551e-01 -5.900749116643074776e-01 1.000000000000000000e+00
1.196550708984171152e+00 -6.737166186665347611e-01 1.000000000000000000e+00
-2.921398779623163300e-02 9.612781944126403966e-01 0.000000000000000000e+00
-7.904081779667762042e-01 6.387557161174622911e-01 0.000000000000000000e+00
1.619339158441884807e-01 1.774964418601695793e-01 1.000000000000000000e+00
1.719312103004092540e-01 1.007398269512125077e+00 0.000000000000000000e+00
5.207282508899179208e-01 7.711763910578355308e-01 0.000000000000000000e+00
1.029606915794633482e+00 -1.993029971737314832e-01 0.000000000000000000e+00
9.744650266035146391e-01 8.322814195057320896e-02 0.000000000000000000e+00
5.415082442938696783e-01 -6.259762647244353495e-01 1.000000000000000000e+00
7.124202534871034720e-01 7.377188826723780624e-01 0.000000000000000000e+00
3.962453109119533079e-01 8.898379424212020661e-01 0.000000000000000000e+00
2.237599377595395900e-01 -1.511193341354641895e-01 1.000000000000000000e+00
2.064612145460702930e+00 -1.015939267723305062e-01 1.000000000000000000e+00
5.659208514618453423e-01 -4.531882336140897194e-01 1.000000000000000000e+00
9.774719773071142148e-01 3.847647426795521852e-01 0.000000000000000000e+00
6.474557270946623699e-01 -4.762126069469303502e-01 1.000000000000000000e+00
6.163387699177119705e-01 -5.225663586297422114e-01 1.000000000000000000e+00
-8.499696286945620516e-01 4.287177578115928256e-01 0.000000000000000000e+00
1.046525965767894695e+00 1.891071398683907279e-01 0.000000000000000000e+00
9.963671438333275843e-01 2.858436973201942122e-01 0.000000000000000000e+00
1.868230413350251418e+00 -3.556776252297851326e-01 1.000000000000000000e+00
9.432638333330667368e-01 -1.922923715956419422e-01 0.000000000000000000e+00
6.126448300946197856e-01 -6.124546454478376756e-01 1.000000000000000000e+00
8.406651012240411447e-01 -6.783840772006811681e-01 1.000000000000000000e+00
1.126382414961990097e+00 -6.059072510532014233e-01 1.000000000000000000e+00
1.775522947472889745e+00 -3.885582280558247947e-01 1.000000000000000000e+00
1.897343517075882113e+00 -1.517998775812515189e-01 1.000000000000000000e+00
-4.586688050417757623e-01 9.659755049033340590e-01 0.000000000000000000e+00
9.616827418568526520e-01 2.989752537696831469e-01 0.000000000000000000e+00
1.110023194143001657e+00 2.576075511062244638e-01 0.000000000000000000e+00
6.202121518144710910e-01 -5.656120948113410041e-01 1.000000000000000000e+00
-6.784582428761776196e-01 7.218499065817250981e-01 0.000000000000000000e+00
3.350136832026676670e-01 9.333628358695452709e-01 0.000000000000000000e+00
4.635711908911648860e-01 -4.414650298853096677e-01 1.000000000000000000e+00
1.511620093126520237e+00 -4.603288468326302008e-01 1.000000000000000000e+00
-7.372041423434801954e-01 5.737676960085251743e-01 0.000000000000000000e+00
1.817078290399241292e+00 -3.881172121281132870e-01 1.000000000000000000e+00
9.639519590778938829e-01 -6.052906823485104670e-01 1.000000000000000000e+00
-4.453394455755343984e-01 8.618474248171208441e-01 0.000000000000000000e+00
1.221698466451802467e+00 -6.786529399000372775e-01 1.000000000000000000e+00
2.142127253779692708e+00 2.596073974622026270e-02 1.000000000000000000e+00
1.860566762488336856e+00 -2.569377711843826573e-01 1.000000000000000000e+00
1.742678884242965021e+00 -5.136424030011392805e-01 1.000000000000000000e+00
1.503090749541385329e-01 2.288828829344842775e-01 1.000000000000000000e+00
1.852031105902797181e-01 8.954018282133244799e-01 0.000000000000000000e+00
1.018578270512987105e+00 1.463028788926158952e-01 0.000000000000000000e+00
4.236247812930125922e-02 1.088282883088339675e-01 1.000000000000000000e+00
2.058090615734895490e+00 -8.839835028991438470e-03 1.000000000000000000e+00
5.701389085215171626e-01 7.001572003624894069e-01 0.000000000000000000e+00
1.028697246296980783e+00 5.595443262124843997e-01 0.000000000000000000e+00
5.265033612726370549e-02 1.071680003925864627e-01 1.000000000000000000e+00
1.595184399909581607e+00 -5.193706616367083084e-01 1.000000000000000000e+00
1.183783477859183531e-02 4.783332188027401566e-01 1.000000000000000000e+00
7.629925780718689321e-01 -5.319099110400260511e-01 1.000000000000000000e+00
8.806130419974636525e-02 1.011529497686799867e-01 1.000000000000000000e+00
5.210729595787173540e-01 -5.623042482915682205e-01 1.000000000000000000e+00
3.435649680168155751e-01 -2.575556920823339757e-01 1.000000000000000000e+00
-8.681964669652690869e-01 6.459559033031232467e-01 0.000000000000000000e+00
5.777123112943273187e-01 -6.650060520332750080e-01 1.000000000000000000e+00
4.433561808264696591e-01 -4.249848923447342441e-01 1.000000000000000000e+00
1.022347421845142712e+00 3.305204129014315817e-01 0.000000000000000000e+00
7.708331222043459663e-01 6.808108135550470230e-01 0.000000000000000000e+00
3.899471232541224519e-01 9.133278193568478143e-01 0.000000000000000000e+00
-8.155289506328886051e-02 9.991214419273962699e-01 0.000000000000000000e+00
1.099022244249918678e+00 5.939875454866183624e-04 0.000000000000000000e+00
-3.969787747343295203e-01 9.336929919496124164e-01 0.000000000000000000e+00
1.068762748911504523e-01 1.644387158543770266e-01 1.000000000000000000e+00
-8.868707150796775185e-01 6.309728574572422977e-01 0.000000000000000000e+00
7.785055940099709637e-02 4.389392065131552667e-01 1.000000000000000000e+00
6.530188205996471096e-01 7.322811667970882121e-01 0.000000000000000000e+00
8.889342304763642177e-01 5.977449862144528225e-01 0.000000000000000000e+00
-9.802997149702087354e-01 8.805100192368719991e-02 0.000000000000000000e+00
1.804526416389446108e+00 -2.360737011315734712e-01 1.000000000000000000e+00
9.381822160233510566e-02 -1.061400504691351609e-01 1.000000000000000000e+00
1.995774804668467572e+00 -3.246340692490345958e-02 1.000000000000000000e+00
6.950934691246871688e-01 7.626844578823568366e-01 0.000000000000000000e+00
1.317972107843387586e-01 1.064724924585837451e+00 0.000000000000000000e+00
3.111463393747834760e-02 1.026823104877145232e+00 0.000000000000000000e+00
1.812422536176777399e+00 -3.664058314235110192e-01 1.000000000000000000e+00
7.720471672260306173e-01 7.151372496587480310e-01 0.000000000000000000e+00
1.715411680698867736e+00 -3.741967454901876655e-01 1.000000000000000000e+00
-7.394419002736148938e-01 6.168359731562127468e-01 0.000000000000000000e+00
2.074056055060496284e+00 5.292222153380737870e-02 1.000000000000000000e+00
-4.036293116158136129e-01 7.855920265142931624e-01 0.000000000000000000e+00
8.471144148117754069e-01 6.901856098961337560e-01 0.000000000000000000e+00
9.656190864314015965e-01 1.888095745858198171e-01 0.000000000000000000e+00
6.955526667629715609e-01 -7.420106596594913118e-01 1.000000000000000000e+00
1.140019020258548205e-01 1.027531903840188221e+00 0.000000000000000000e+00
-1.004614945452195762e+00 2.672649852359357259e-01 0.000000000000000000e+00
2.254467358253271936e+00 1.054035111000489744e-01 1.000000000000000000e+00
1.606621300403298980e+00 -6.168659542581205191e-01 1.000000000000000000e+00
1.624794392663379661e+00 -5.805976398705975372e-01 1.000000000000000000e+00
5.714091610357953099e-01 8.535289693161151048e-01 0.000000000000000000e+00
1.544682990430208402e-01 1.038871793651440667e+00 0.000000000000000000e+00
-4.336975427633995017e-01 9.196254746380891909e-01 0.000000000000000000e+00
-7.495853510562031641e-01 6.888103003752492626e-01 0.000000000000000000e+00
-9.018350650532925838e-01 4.860254006106765612e-01 0.000000000000000000e+00
1.309948254310583149e+00 -7.288679608761635675e-01 1.000000000000000000e+00
7.347495382535537134e-01 -5.455648199619420602e-01 1.000000000000000000e+00
8.900340842006413400e-01 -1.657871122729299429e-01 0.000000000000000000e+00
9.474371653008797356e-01 3.217305038257545213e-01 0.000000000000000000e+00
1.552905271079906280e+00 -5.968750802297762004e-01 1.000000000000000000e+00
4.777117748634864269e-01 -5.932421443640493175e-01 1.000000000000000000e+00
7.007649451554396336e-01 9.453864499244380992e-01 0.000000000000000000e+00
1.352078255505514415e-01 5.397166156544518784e-03 1.000000000000000000e+00
2.039374304550364281e-01 9.738966777428587074e-01 0.000000000000000000e+00
2.089990216594986183e+00 -1.362672088260795666e-01 1.000000000000000000e+00
2.060947856292661307e+00 1.034338880560347063e-01 1.000000000000000000e+00
1.113778178775377992e+00 2.875328375983460805e-01 0.000000000000000000e+00
3.070259055779496205e-01 -3.298075772505960207e-02 1.000000000000000000e+00
3.120461022719329125e-01 -2.312030505772302846e-01 1.000000000000000000e+00
4.241708884915242894e-01 9.120207846130427010e-01 0.000000000000000000e+00
5.201649686332959766e-01 -5.110623126405738903e-01 1.000000000000000000e+00
1.807750012058241262e+00 -2.970571116629925346e-01 1.000000000000000000e+00
-9.427088989123209029e-01 1.912385053867524387e-01 0.000000000000000000e+00
-2.373200884408619982e-01 9.155748179434508582e-01 0.000000000000000000e+00
6.745381566958441599e-01 8.330923987232612404e-01 0.000000000000000000e+00
1.557701960029172827e+00 -5.960567484270118399e-01 1.000000000000000000e+00
7.905858535611736126e-01 6.932916485367683901e-01 0.000000000000000000e+00
-9.560620087880635776e-01 2.728973281097221704e-01 0.000000000000000000e+00
8.665741572405868398e-01 -7.498366202859426677e-01 1.000000000000000000e+00
-5.303372227068803291e-01 9.107180586859242588e-01 0.000000000000000000e+00
2.006485652945569242e+00 -1.289568642645184671e-01 1.000000000000000000e+00
